t = 0
b = 36 36 36
E = 0 0 0
-0.479705810546875 0.31858208775520325 8.656031608581543 0.8400236220971075 -0.5425498265771134 0 0 0 -1 0 0 0 0 0 0
-0.2087554931640625 0.5459457635879517 8.266268730163574 0.38845013752974156 -0.921469744838714 0 0 0 -1 0 0 0 0 0 0
0.14319610595703125 0.5811630487442017 7.876505374908447 -0.19814496734961404 -0.9801727255509716 0 0 0 -1 0 0 0 0 0 0
0.453826904296875 0.411996454000473 7.4867424964904785 -0.7158696788070217 -0.6982339170827577 0 0 0 -1 0 0 0 0 0 0
0.6151924133300781 0.09724557399749756 7.096981525421143 -0.984807896893089 -0.17364736167592865 0 0 0 -1 0 0 0 0 0 0
0.5712127685546875 -0.25371435284614563 6.707221508026123 -0.9115078507994457 0.41128267399803636 0 0 0 -1 0 0 0 0 0 0
0.3371696472167969 -0.5189198851585388 6.3174591064453125 -0.5214312534438432 0.8532932953750326 0 0 0 -1 0 0 0 0 0 0
-0.0055999755859375 -0.6062002182006836 5.927696228027344 0.04984855165887691 0.9987567881609177 0 0 0 -1 0 0 0 0 0 0
-0.33797454833984375 -0.4852208197116852 5.537933349609375 0.6038076395197847 0.7971300611929938 0 0 0 -1 0 0 0 0 0 0
-0.5444488525390625 -0.19803504645824432 5.148170471191406 0.9479277137930451 0.31848555606666223 0 0 0 -1 0 0 0 0 0 0
-0.5532684326171875 0.15556466579437256 4.7584075927734375 0.9626248152067576 -0.2708384484303431 0 0 0 -1 0 0 0 0 0 0
-0.36136627197265625 0.4526840150356293 4.368644714355469 0.6427932844940265 -0.7660396813542896 0 0 0 -1 0 0 0 0 0 0
-0.035430908203125 0.5900741815567017 3.978882074356079 0.09956361118876453 -0.9950311991726956 0 0 0 -1 0 0 0 0 0 0
0.3112602233886719 0.5199905037879944 3.5891191959381104 -0.4782490582761643 -0.8782242528295162 0 0 0 -1 0 0 0 0 0 0
0.5582313537597656 0.2667861580848694 3.1993563175201416 -0.8898675995484939 -0.4562188677310502 0 0 0 -1 0 0 0 0 0 0
0.6196517944335938 -0.08154928684234619 2.809593439102173 -0.9922397437574466 0.1243394181591536 0 0 0 -1 0 0 0 0 0 0
0.4741783142089844 -0.40395236015319824 2.419830560684204 -0.749788054314901 0.6616780739957121 0 0 0 -1 0 0 0 0 0 0
0.17236328125 -0.5883855819702148 2.0300676822662354 -0.2467538409236628 0.9690781918861965 0 0 0 -1 0 0 0 0 0 0
-0.28868865966796875 -0.6901832818984985 1.4551048278808594 0.07464406491497702 0.9138587924988485 -0.3991119779529489 0.12581359330390013 -0.40566072420323057 -0.9053233215701844 0 0 0 0 0 0
-0.3414039611816406 -1.1306766271591187 0.9773271083831787 0.11310566730962313 0.7604833229333664 -0.6394311718728374 -0.23809718402564353 -0.6040642196372612 -0.7605367509286356 0 0 0 0 0 0
-0.22246551513671875 -2.138658046722412 0.5893011093139648 0.41130031999047956 0 -0.9114998885220607 0 -1 0 0 0 0 0 0 0
-0.48766326904296875 -2.52842116355896 0.35526129603385925 0.8532885834560167 0 -0.5214389641593967 0 -1 0 0 0 0 0 0 0
-0.5749435424804688 -2.918184518814087 0.01249084621667862 0.9987572435972877 0 0.049839425778675055 0 -1 0 0 0 0 0 0 0
-0.45397186279296875 -3.3079476356506348 -0.3198847472667694 0.7971367165306058 0 0.6037988532274674 0 -1 0 0 0 0 0 0 0
-0.16678619384765625 -3.69770884513855 -0.5263591408729553 0.31848909805750325 0 0.9479265237445981 0 -1 0 0 0 0 0 0 0
0.1868133544921875 -4.0874714851379395 -0.5351787209510803 -0.27083453196880053 0 0.9626259171107129 0 -1 0 0 0 0 0 0 0
0.4839363098144531 -4.477231502532959 -0.3432764708995819 -0.7660429946319957 0 0.6427893359221546 0 -1 0 0 0 0 0 0 0
0.6213264465332031 -4.866993427276611 -0.017343901097774506 -0.9950301561158825 0 0.09957403486854487 0 -1 0 0 0 0 0 0 0
0.5512428283691406 -5.256756782531738 0.32935187220573425 -0.878220708136663 0 -0.4782555674531537 0 -1 0 0 0 0 0 0 0
0.29803466796875 -5.646520137786865 0.5763232707977295 -0.4562089675534008 0 -0.8898726751192331 0 -1 0 0 0 0 0 0 0
-0.05030059814453125 -6.036282062530518 0.6377437114715576 0.12435911933282957 0 -0.9922372747678666 0 -1 0 0 0 0 0 0 0
-0.37270355224609375 -6.42604398727417 0.49226638674736023 0.661685322933156 0 -0.7497816571608332 0 -1 0 0 0 0 0 0 0
-0.5571365356445312 -6.815803527832031 0.1904507726430893 0.9690773150550627 0 -0.24675728448350018 0 -1 0 0 0 0 0 0 0
-0.5395050048828125 -7.205561637878418 -0.16281409561634064 0.9396936974304015 0 0.34201718525474833 0 -1 0 0 0 0 0 0 0
-0.32593536376953125 -7.595317840576172 -0.4447666108608246 0.5837435389427104 0 0.8119381015463191 0 -1 0 0 0 0 0 0 0
0.0093536376953125 -7.985073089599609 -0.5574185252189636 0.02491950861324392 0 0.9996894608279486 0 -1 0 0 0 0 0 0 0
0.3498344421386719 -8.374829292297363 -0.4616200625896454 -0.5425452092925537 0 0.840026604265424 0 -1 0 0 0 0 0 0 0
0.5771942138671875 -8.7645902633667 -0.19066525995731354 -0.9214731057764224 0 0.38844216471793375 0 -1 0 0 0 0 0 0 0
0.6124114990234375 -9.154348373413086 0.1612873524427414 -0.9801704681745379 0 -0.19815613368883372 0 -1 0 0 0 0 0 0 0
0.4432487487792969 -9.544107437133789 0.4719187915325165 -0.698233517025878 0 -0.7158700690081077 0 -1 0 0 0 0 0 0 0
0.12849807739257812 -9.933865547180176 0.633284330368042 -0.17365450934138263 0 -0.9848066365461818 0 -1 0 0 0 0 0 0 0
-0.22246551513671875 -10.323624610900879 0.5893011093139648 0.41130031999047956 0 -0.9114998885220607 0 -1 0 0 0 0 0 0 0
-0.48766326904296875 -10.713382720947266 0.35526129603385925 0.8532885834560167 0 -0.5214389641593967 0 -1 0 0 0 0 0 0 0
-0.5749435424804688 -11.103141784667969 0.01249084621667862 0.9987572435972877 0 0.049839425778675055 0 -1 0 0 0 0 0 0 0
-0.45397186279296875 -11.492899894714355 -0.3198847472667694 0.7971367165306058 0 0.6037988532274674 0 -1 0 0 0 0 0 0 0
-0.16678619384765625 -11.882658958435059 -0.5263591408729553 0.31848909805750325 0 0.9479265237445981 0 -1 0 0 0 0 0 0 0
-0.479705810546875 8.743807792663574 -0.36681661009788513 0.8400237409442082 0 0.5425496425674775 0 -1 0 0 0 0 0 0 0
-0.2087554931640625 8.354039192199707 -0.5941725969314575 0.3884501241952664 0 0.9214697504599281 0 -1 0 0 0 0 0 0 0
0.14319610595703125 7.964271068572998 -0.6293897032737732 -0.19814496011449165 0 0.9801727270135743 0 -1 0 0 0 0 0 0 0
0.453826904296875 7.574503421783447 -0.4602310359477997 -0.7158602437296844 0 0.6982435903374102 0 -1 0 0 0 0 0 0 0
0.6151924133300781 7.184739112854004 -0.14548011124134064 -0.9848079263572358 0 0.17364719457555744 0 -1 0 0 0 0 0 0 0
0.5712127685546875 6.794973373413086 0.20548783242702484 -0.9115018734141214 0 -0.4112959211596281 0 -1 0 0 0 0 0 0 0
0.3371696472167969 6.405209541320801 0.4706859290599823 -0.521431220293676 0 -0.8532933156324665 0 -1 0 0 0 0 0 0 0
-0.0055999755859375 6.015446662902832 0.5579662322998047 0.04984855722296082 0 -0.9987567878832109 0 -1 0 0 0 0 0 0 0
-0.33797454833984375 5.6256842613220215 0.4369945228099823 0.6038074691823134 0 -0.7971301902196714 0 -1 0 0 0 0 0 0 0
-0.5444488525390625 5.235921859741211 0.14980082213878632 0.9479328702786392 0 -0.3184702080969281 0 -1 0 0 0 0 0 0 0
-0.5532684326171875 4.8461594581604 -0.2037917524576187 0.9626247253672406 0 0.27083876774133425 0 -1 0 0 0 0 0 0 0
-0.36136627197265625 4.456396579742432 -0.5009183883666992 0.6427934862720917 0 0.7660395120397969 0 -1 0 0 0 0 0 0 0
-0.035430908203125 4.066634178161621 -0.6383084654808044 0.09956360749816011 0 0.9950311995419805 0 -1 0 0 0 0 0 0 0
0.3112602233886719 3.676870822906494 -0.5682249665260315 -0.4782398721048424 0 0.8782292552227715 0 -1 0 0 0 0 0 0 0
0.5582313537597656 3.2871079444885254 -0.3150130808353424 -0.8898758304596893 0 0.45620281275292274 0 -1 0 0 0 0 0 0 0
0.6196517944335938 2.897345542907715 0.03331509977579117 -0.9922396460910161 0 -0.12434019754357396 0 -1 0 0 0 0 0 0 0
0.4741783142089844 2.507582902908325 0.35572609305381775 -0.7497783990151724 0 -0.6616890148477946 0 -1 0 0 0 0 0 0 0
0.17236328125 2.1178205013275146 0.5401592254638672 -0.24674461757847965 0 -0.9690805403556765 0 -1 0 0 0 0 0 0 0
0.029018402099609375 1.4529528617858887 0.7809795141220093 0.3388881826647522 -0.28689594289837334 -0.8960164717228334 0.1347738738684045 -0.9277455594386735 0.34802899285020206 0 0 0 0 0 0
-0.09803009033203125 0.6392739415168762 1.1409838199615479 0.7141307494177638 -0.4677017075795429 -0.5208381566890072 0.5892573788049764 -0.000004212793403607746 0.8079453827494412 0 0 0 0 0 0
-0.4275932312011719 0.5399642586708069 1.8553345203399658 0.4112913211429572 -0.9115039490602773 0 0 0 1 0 0 0 0 0 0
-0.48766326904296875 0.305917352437973 2.419830560684204 0.8532945411600813 -0.5214292147803059 0 0 0 1 0 0 0 0 0 0
-0.5749435424804688 -0.036848802119493484 2.809593439102173 0.9987572507828577 0.04983928178322729 0 0 0 1 0 0 0 0 0 0
-0.45397186279296875 -0.36922335624694824 3.1993563175201416 0.7971436089862152 0.6037897536828793 0 0 0 1 0 0 0 0 0 0
-0.16678619384765625 -0.5756978988647461 3.5891191959381104 0.31848883938104694 0.9479266106559693 0 0 0 1 0 0 0 0 0 0
0.1868133544921875 -0.5845174789428711 3.978882074356079 -0.2708435537022767 0.9626233788029055 0 0 0 1 0 0 0 0 0 0
0.4839363098144531 -0.39261507987976074 4.368644714355469 -0.766040729200993 0.6427920357356731 0 0 0 1 0 0 0 0 0 0
0.6213264465332031 -0.06667959690093994 4.7584075927734375 -0.9950311235741157 0.09956436671235896 0 0 0 1 0 0 0 0 0 0
0.5512428283691406 0.28000789880752563 5.148170471191406 -0.8782239470074445 -0.47824961986672293 0 0 0 1 0 0 0 0 0 0
0.29803466796875 0.5269790291786194 5.537933349609375 -0.4562091036647152 -0.8898726053393471 0 0 0 1 0 0 0 0 0 0
-0.05030059814453125 0.5884033441543579 5.927696228027344 0.12435913312315641 -0.9922372730394967 0 0 0 1 0 0 0 0 0 0
-0.37270355224609375 0.4429260194301605 6.3174591064453125 0.6616855262332323 -0.7497814777476505 0 0 0 1 0 0 0 0 0 0
-0.5571365356445312 0.14111459255218506 6.707221508026123 0.9690730946807925 -0.24677385835171417 0 0 0 1 0 0 0 0 0 0
-0.5395050048828125 -0.21215704083442688 7.096981525421143 0.9396911172797736 0.3420242741465742 0 0 0 1 0 0 0 0 0 0
-0.32593536376953125 -0.49410906434059143 7.4867424964904785 0.5837437596490891 0.8119379428692483 0 0 0 1 0 0 0 0 0 0
0.0093536376953125 -0.6067571640014648 7.876505374908447 0.024919507685208248 0.999689460851082 0 0 0 1 0 0 0 0 0 0
0.3498344421386719 -0.5109547972679138 8.266268730163574 -0.5425467373246795 0.8400256173583908 0 0 0 1 0 0 0 0 0 0
0.5771942138671875 -0.24000433087348938 8.656031608581543 -0.9214776515680799 0.3884313808905974 0 0 0 1 0 0 0 0 0 0
0.6124114990234375 0.11194741725921631 9.045794486999512 -0.9801704844544876 -0.19815605316077284 0 0 0 1 0 0 0 0 0 0
0.4432487487792969 0.4225784242153168 9.43555736541748 -0.698233684612027 -0.7158699055506611 0 0 0 1 0 0 0 0 0 0
0.12849807739257812 0.5839401483535767 9.82532024383545 -0.17365459216240592 -0.9848066219420482 0 0 0 1 0 0 0 0 0 0
-0.22246551513671875 0.5399642586708069 10.215083122253418 0.4112913211429572 -0.9115039490602773 0 0 0 1 0 0 0 0 0 0
-0.48766326904296875 0.305917352437973 10.604846000671387 0.8532945411600813 -0.5214292147803059 0 0 0 1 0 0 0 0 0 0
-0.5749435424804688 -0.036848802119493484 10.994608879089355 0.9987572507828577 0.04983928178322729 0 0 0 1 0 0 0 0 0 0
-0.45397186279296875 -0.36922335624694824 11.384371757507324 0.7971436089862152 0.6037897536828793 0 0 0 1 0 0 0 0 0 0
-0.16678619384765625 -0.5756978988647461 11.774134635925293 0.31848883938104694 0.9479266106559693 0 0 0 1 0 0 0 0 0 0
-0.479705810546875 -0.3031168282032013 -8.673360824584961 0.840023443826444 0.5425501025914208 0 0 0 1 0 0 0 0 0 0
-0.2087554931640625 -0.5304729342460632 -8.283595085144043 0.3884506309059075 0.9214695368533907 0 0 0 1 0 0 0 0 0 0
0.14319610595703125 -0.565690279006958 -7.893830299377441 -0.1981449384091274 0.9801727314013807 0 0 0 1 0 0 0 0 0 0
0.453826904296875 -0.3965311050415039 -7.504065036773682 -0.7158600295908958 0.698243809878843 0 0 0 1 0 0 0 0 0 0
0.6151924133300781 -0.08177626132965088 -7.114299297332764 -0.9848079048563745 0.17364731651366763 0 0 0 1 0 0 0 0 0 0
0.5712127685546875 0.2691836953163147 -6.724534034729004 -0.9115078298508649 -0.4112827204254597 0 0 0 1 0 0 0 0 0 0
0.3371696472167969 0.5343851447105408 -6.334769248962402 -0.5214313694694552 -0.8532932244739837 0 0 0 1 0 0 0 0 0 0
-0.0055999755859375 0.6216654777526855 -5.945003986358643 0.04984855907765574 -0.998756787790642 0 0 0 1 0 0 0 0 0 0
-0.33797454833984375 0.5006898045539856 -5.555238246917725 0.6038094325499537 -0.7971287030108142 0 0 0 1 0 0 0 0 0 0
-0.5444488525390625 0.21350428462028503 -5.165473937988281 0.9479276800531381 -0.31848565648875826 0 0 0 1 0 0 0 0 0 0
-0.5532684326171875 -0.14009177684783936 -4.775709629058838 0.9626271218665282 0.27083024987427873 0 0 0 1 0 0 0 0 0 0
-0.36136627197265625 -0.43721503019332886 -4.385946750640869 0.6427932294636594 0.7660397275309417 0 0 0 1 0 0 0 0 0 0
-0.035430908203125 -0.5746052265167236 -3.996182680130005 0.09956359642634845 0.9950312006498345 0 0 0 1 0 0 0 0 0 0
0.3112602233886719 -0.5045215487480164 -3.6064183712005615 -0.4782489800431553 0.8782242954323695 0 0 0 1 0 0 0 0 0 0
0.5582313537597656 -0.2513132393360138 -3.2166550159454346 -0.8898725940475231 0.4562091256903267 0 0 0 1 0 0 0 0 0 0
0.6196517944335938 0.09701859951019287 -2.8268892765045166 -0.9922396633263116 -0.12434006000516355 0 0 0 1 0 0 0 0 0 0
0.4741783142089844 0.41942164301872253 -2.437124013900757 -0.7497880727967431 -0.6616780530528016 0 0 0 1 0 0 0 0 0 0
0.17236328125 0.603858470916748 -2.04736065864563 -0.2467537429350425 -0.9690782168367768 0 0 0 1 0 0 0 0 0 0
0.01560211181640625 0.6230707168579102 -1.3622722625732422 0.3420068313112768 -0.873709028460606 0.34592464630731895 1.4711512624779648e-7 0.3681234712847756 0.9297769140440224 0 0 0 0 0 0
-0.23944854736328125 0.966005265712738 -0.8251162171363831 -0.10703085193770116 -0.4126425937864461 0.9045830456772246 -0.7874798587206926 0.5906053753120744 0.17624063879174415 0 0 0 0 0 0
-0.22246551513671875 2.1178205013275146 -0.588191032409668 0.41130045965161327 0 0.9114998255021072 0 1 0 0 0 0 0 0 0
-0.48766326904296875 2.507582902908325 -0.3541519343852997 0.853294458285444 0 0.5214293504007527 0 1 0 0 0 0 0 0 0
-0.5749435424804688 2.897345542907715 -0.011378072202205658 0.9987562939932029 0 -0.049858451730501234 0 1 0 0 0 0 0 0 0
-0.45397186279296875 3.2871079444885254 0.32099708914756775 0.797134080796763 0 -0.6038023329139262 0 1 0 0 0 0 0 0 0
-0.16678619384765625 3.676870822906494 0.5274715423583984 0.3184888056406689 0 -0.9479266219922196 0 1 0 0 0 0 0 0 0
0.1868133544921875 4.066634178161621 0.5362834930419922 -0.2708435439896859 0 -0.9626233815356383 0 1 0 0 0 0 0 0 0
0.4839363098144531 4.456396579742432 0.344381183385849 -0.7660500350240368 0 -0.6427809454547263 0 1 0 0 0 0 0 0 0
0.6213264465332031 4.8461594581604 0.018452979624271393 -0.9950310419181081 0 -0.09956518276668895 0 1 0 0 0 0 0 0 0
0.5512428283691406 5.235921859741211 -0.3282425105571747 -0.8782239939474805 0 0.47824953366933454 0 1 0 0 0 0 0 0 0
0.29803466796875 5.6256842613220215 -0.5752135515213013 -0.4562090582942692 0 0.889872628599316 0 1 0 0 0 0 0 0 0
-0.05030059814453125 6.015446662902832 -0.6366299986839294 0.1243591285263805 0 0.9922372736156203 0 1 0 0 0 0 0 0 0
-0.37270355224609375 6.405209541320801 -0.49116039276123047 0.6616761913122919 0 0.7497897157539968 0 1 0 0 0 0 0 0 0
-0.5571365356445312 6.794973373413086 -0.1893416792154312 0.9690773239632432 0 0.24675724949885272 0 1 0 0 0 0 0 0 0
-0.5395050048828125 7.184739112854004 0.16392283141613007 0.9396910993203506 0 -0.342024323489004 0 1 0 0 0 0 0 0 0
-0.32593536376953125 7.574503421783447 0.4458751380443573 0.583743627225247 0 -0.8119380380755122 0 1 0 0 0 0 0 0 0
0.0093536376953125 7.964271068572998 0.5585231781005859 0.02491951046931547 0 -0.9996894607816816 0 1 0 0 0 0 0 0 0
0.3498344421386719 8.354039192199707 0.46272847056388855 -0.5425373591391911 0 -0.8400316743660755 0 1 0 0 0 0 0 0 0
0.5771942138671875 8.743807792663574 0.19177018105983734 -0.9214776249001712 0 -0.3884314441550013 0 1 0 0 0 0 0 0 0
0.6124114990234375 9.133573532104492 -0.1601744443178177 -0.9801740351472154 0 0.1981384890000557 0 1 0 0 0 0 0 0 0
0.4432487487792969 9.523340225219727 -0.47080516815185547 -0.6982338894395997 0 0.7158697057691777 0 1 0 0 0 0 0 0 0
0.12849807739257812 9.913106918334961 -0.6321744322776794 -0.17365458579155524 0 0.984806623065444 0 1 0 0 0 0 0 0 0
-0.22246551513671875 10.302872657775879 -0.588191032409668 0.41130045965161327 0 0.9114998255021072 0 1 0 0 0 0 0 0 0
-0.48766326904296875 10.69263744354248 -0.3541519343852997 0.853294458285444 0 0.5214293504007527 0 1 0 0 0 0 0 0 0
-0.5749435424804688 11.08240032196045 -0.011378072202205658 0.9987562939932029 0 -0.049858451730501234 0 1 0 0 0 0 0 0 0
-0.45397186279296875 11.472163200378418 0.32099708914756775 0.797134080796763 0 -0.6038023329139262 0 1 0 0 0 0 0 0 0
-0.16678619384765625 11.861926078796387 0.5274715423583984 0.3184888056406689 0 -0.9479266219922196 0 1 0 0 0 0 0 0 0
-0.479705810546875 -8.7645902633667 0.36792609095573425 0.8400234353373645 0 -0.5425501157349548 0 1 0 0 0 0 0 0 0
-0.2087554931640625 -8.374829292297363 0.5952863693237305 0.38845004418843326 0 -0.9214697841871997 0 1 0 0 0 0 0 0 0
0.14319610595703125 -7.985073089599609 0.6305036544799805 -0.19814487329306263 0 -0.9801727445647916 0 1 0 0 0 0 0 0 0
0.453826904296875 -7.595317840576172 0.46134063601493835 -0.7158670160442318 0 -0.6982366470903167 0 1 0 0 0 0 0 0 0
0.6151924133300781 -7.205561637878418 0.1465853899717331 -0.984807894504103 0 -0.17364737522460674 0 1 0 0 0 0 0 0 0
0.5712127685546875 -6.815803527832031 -0.20437540113925934 -0.9115045688379875 0 0.4112899475886499 0 1 0 0 0 0 0 0 0
0.3371696472167969 -6.42604398727417 -0.469577431678772 -0.5214310876930415 0 0.853293396662163 0 1 0 0 0 0 0 0 0
-0.0055999755859375 -6.036282062530518 -0.5568577647209167 0.04984855351357141 0 0.9987567880683488 0 1 0 0 0 0 0 0 0
-0.33797454833984375 -5.646520137786865 -0.43588218092918396 0.6038090291175037 0 0.7971290086028596 0 1 0 0 0 0 0 0 0
-0.5444488525390625 -5.256756782531738 -0.1486959010362625 0.9479274832368509 0 0.3184862422841049 0 1 0 0 0 0 0 0 0
-0.5532684326171875 -4.866993427276611 0.2049008458852768 0.9626270465975053 0 -0.27083051740703834 0 1 0 0 0 0 0 0 0
-0.36136627197265625 -4.477231502532959 0.5020244121551514 0.6427949904384374 0 -0.7660382498721909 0 1 0 0 0 0 0 0 0
-0.035430908203125 -4.0874714851379395 0.639418363571167 0.09956358535453924 0 -0.9950312017576883 0 1 0 0 0 0 0 0 0
0.3112602233886719 -3.69770884513855 0.5693309307098389 -0.47824888616357325 0 -0.8782243465557658 0 1 0 0 0 0 0 0 0
0.5582313537597656 -3.3079476356506348 0.3161261975765228 -0.8898675239295568 0 -0.4562190152278613 0 1 0 0 0 0 0 0 0
0.6196517944335938 -2.918184518814087 -0.03220995515584946 -0.9922383403705167 0 0.12435061680089228 0 1 0 0 0 0 0 0 0
0.4741783142089844 -2.52842116355896 -0.3546137511730194 -0.7497875830280408 0 0.6616786080394081 0 1 0 0 0 0 0 0 0
0.17236328125 -2.138658046722412 -0.5390506386756897 -0.24675369839478545 0 0.9690782281779398 0 1 0 0 0 0 0 0 0
0.01230621337890625 -1.3440794944763184 -0.5563914179801941 0.34200675240763945 0.3687293081956109 0.8643321575558589 -9.369004236598537e-7 0.9197984333036168 -0.39239118503265874 0 0 0 0 0 0
-0.21483993530273438 -0.7827867865562439 -1.1357479095458984 -0.010385511839729534 0.5170946583419881 0.8558652086970292 0.27531207016976017 0.8243096234937403 -0.49468869871308924 0 0 0 0 0 0
-0.22246551513671875 -0.5244914889335632 -2.04736065864563 0.41130041775326415 0.9114998444080998 0 0 0 -1 0 0 0 0 0 0
-0.48766326904296875 -0.29044821858406067 -2.437124013900757 0.8532943754108011 0.5214294860211598 0 0 0 -1 0 0 0 0 0 0
-0.5749435424804688 0.05231785401701927 -2.8268892765045166 0.99875725101465 -0.04983927713821279 0 0 0 -1 0 0 0 0 0 0
-0.45397186279296875 0.38469627499580383 -3.2166550159454346 0.7971344662951104 -0.6038018239823474 0 0 0 -1 0 0 0 0 0 0
-0.16678619384765625 0.5911669731140137 -3.6064183712005615 0.31848917678519906 -0.9479264972932692 0 0 0 -1 0 0 0 0 0 0
0.1868133544921875 0.5999865531921387 -3.996182680130005 -0.2708435925526465 -0.962623367871971 0 0 0 -1 0 0 0 0 0 0
0.4839363098144531 0.40808436274528503 -4.385946750640869 -0.766043517424317 -0.6427887128848642 0 0 0 -1 0 0 0 0 0 0
0.6213264465332031 0.0821526050567627 -4.775709629058838 -0.9950310926648565 -0.09956467561430411 0 0 0 -1 0 0 0 0 0 0
0.5512428283691406 -0.2645426094532013 -5.165473937988281 -0.87822078637045 0.47825542379242125 0 0 0 -1 0 0 0 0 0 0
0.29803466796875 -0.5115100741386414 -5.555238246917725 -0.4562098295929163 0.8898722331788999 0 0 0 -1 0 0 0 0 0 0
-0.05030059814453125 -0.5729305744171143 -5.945003986358643 0.12435913312315641 0.9922372730394967 0 0 0 -1 0 0 0 0 0 0
-0.37270355224609375 -0.4274570345878601 -6.334769248962402 0.6616853414149779 0.7497816408505507 0 0 0 -1 0 0 0 0 0 0
-0.5571365356445312 -0.12564145028591156 -6.724534034729004 0.969077391888086 0.2467569827408845 0 0 0 -1 0 0 0 0 0 0
-0.5395050048828125 0.22762247920036316 -7.114299297332764 0.9396938590626592 -0.3420167411690941 0 0 0 -1 0 0 0 0 0 0
-0.32593536376953125 0.5095742344856262 -7.504065036773682 0.5837438655881949 -0.8119378667041903 0 0 0 -1 0 0 0 0 0 0
0.0093536376953125 0.6222262382507324 -7.893830299377441 0.024919511397351355 -0.9996894607585485 0 0 0 -1 0 0 0 0 0 0
0.3498344421386719 0.5264275670051575 -8.283595085144043 -0.5425455997890045 -0.840026352056642 0 0 0 -1 0 0 0 0 0 0
0.5771942138671875 0.25547367334365845 -8.673360824584961 -0.9214732857898187 -0.3884417376849646 0 0 0 -1 0 0 0 0 0 0
0.6124114990234375 -0.09647428244352341 -9.063129425048828 -0.9801722779250681 0.19814718162816009 0 0 0 -1 0 0 0 0 0 0
0.4432487487792969 -0.40710926055908203 -9.452896118164062 -0.6982336008189473 0.7158699872793991 0 0 0 -1 0 0 0 0 0 0
0.12849807739257812 -0.5684750080108643 -9.842658996582031 -0.1736545157122278 0.9848066354227878 0 0 0 -1 0 0 0 0 0 0
-0.22246551513671875 -0.5244914889335632 -10.232422828674316 0.41130041775326415 0.9114998444080998 0 0 0 -1 0 0 0 0 0 0
-0.48766326904296875 -0.29044821858406067 -10.622179985046387 0.8532943754108011 0.5214294860211598 0 0 0 -1 0 0 0 0 0 0
-0.5749435424804688 0.05231785401701927 -11.011938095092773 0.99875725101465 -0.04983927713821279 0 0 0 -1 0 0 0 0 0 0
-0.45397186279296875 0.38469627499580383 -11.401697158813477 0.7971344662951104 -0.6038018239823474 0 0 0 -1 0 0 0 0 0 0
-0.16678619384765625 0.5911669731140137 -11.791461944580078 0.31848917678519906 -0.9479264972932692 0 0 0 -1 0 0 0 0 0 0
