t = 0
b = 96 96 96
E = 0 0 0
0.5000202655792236 4.823178291320801 8.700202941894531 -0.5732634676676505 -0.7113637405345691 0.4066086881638501 -0.009515573557268063 -0.4904314942109324 -0.8714277958304454 0 0 0 0 0 0
0.7192294001579285 4.373831272125244 8.503433227539062 -0.944792274163407 -0.28103970349557694 0.16847624087762572 -0.00950546541734254 -0.4904407685099859 -0.8714226865939022 0 0 0 0 0 0
0.7230733036994934 3.8604209423065186 8.345062255859375 -0.9573785045764686 0.25605584799836956 -0.13364805154120535 -0.009516501238406444 -0.49042445226338066 -0.8714317488055748 0 0 0 0 0 0
0.5086829662322998 3.405378580093384 8.156230926513672 -0.6062391819507333 0.6958707326351341 -0.38501685382531947 -0.009515925209326793 -0.49043849688670593 -0.8714238509123554 0 0 0 0 0 0
0.15610019862651825 3.1089603900909424 7.879631042480469 -0.024781740618620818 0.8713128141372639 -0.49010187232055463 -0.009512935120531536 -0.49043577457642795 -0.8714254156730867 0 0 0 0 0 0
-0.20213155448436737 3.011157989501953 7.491313934326172 0.5660927681717649 0.7157310913681192 -0.4089840860872577 -0.009503360015828142 -0.4904349863254274 -0.871425963772246 0 0 0 0 0 0
-0.43132272362709045 3.0765063762664795 7.009769439697266 0.9418962023703009 0.28822756752128226 -0.17250047327810322 -0.009520075470297098 -0.4904286372368336 -0.8714293545325761 0 0 0 0 0 0
-0.44580844044685364 3.2075562477111816 6.488903045654297 0.9598607043790179 -0.24877680063462157 0.12952811144696386 -0.00951409135611666 -0.49042721385628857 -0.8714302209441819 0 0 0 0 0 0
-0.24149389564990997 3.28189754486084 5.997562408447266 0.6131564555241684 -0.6912668006352531 0.3823471869761036 -0.009516461360696631 -0.49043594284779984 -0.8714252824689906 0 0 0 0 0 0
0.08570795506238937 3.1980371475219727 5.593910217285156 0.06164037657050503 -0.8700891414357067 0.48902489704709423 -0.009538374330435289 -0.490447732112483 -0.871418407816162 0 0 0 0 0 0
0.42575961351394653 2.9327516555786133 5.292228698730469 -0.5112883149608399 -0.7465456391814023 0.425739201394159 -0.009527435916983316 -0.4904316551526511 -0.8714275756418769 0 0 0 0 0 0
0.6592019200325012 2.5117998123168945 5.079322814941406 -0.9065446618874672 -0.3635412599486471 0.21450997253808068 -0.00953102343106173 -0.4904264031861355 -0.8714304921508467 0 0 0 0 0 0
0.7036145329475403 2.015049934387207 4.911140441894531 -0.9867469002519309 0.14577865277287652 -0.07126808008450257 -0.009515918586329924 -0.4904333573633558 -0.8714267434952666 0 0 0 0 0 0
0.5422776341438293 1.5486918687820435 4.728096008300781 -0.7240331212048958 0.604460838721609 -0.3322696703737274 -0.009519094611435146 -0.4904245717333538 -0.8714316532453563 0 0 0 0 0 0
0.22997216880321503 1.2083712816238403 4.475765228271484 -0.20970452831745995 0.8530660102611788 -0.4778099966934827 -0.009507824523077833 -0.49043180477284487 -0.8714277056303 0 0 0 0 0 0
-0.12605923414230347 1.0459262132644653 4.123809814453125 0.3775038475086691 0.8052093581049546 -0.45730595309525346 -0.009543717307825475 -0.49043729079566356 -0.8714242257689181 0 0 0 0 0 0
-0.4033781886100769 1.051381230354309 3.676494598388672 0.8335178237426114 0.4775413595496431 -0.27785299606601205 -0.00950474551659785 -0.49043963322255085 -0.871423333390376 0 0 0 0 0 0
-0.5068976283073425 1.1564074754714966 3.171245574951172 0.9998687067183685 -0.01609802319434915 -0.0018501282581183268 -0.009508596163139638 -0.49043925473039074 -0.8714235043986966 0 0 0 0 0 0
-0.4019286036491394 1.258076786994934 2.6656036376953125 0.8187400333319073 -0.504131945741014 0.2748012720186111 -0.009517556960948232 -0.4904613704630536 -0.8714109594175405 0 0 0 0 0 0
-0.12624233961105347 1.254628300666809 2.217266082763672 0.3530824251266262 -0.8169811490574416 0.45593267392399406 -0.00951769393150668 -0.49043115823799704 -0.8714279617567726 0 0 0 0 0 0
0.22306565940380096 1.080830693244934 1.8639984130859375 -0.2352756533866839 -0.845906996360542 0.47863004547537014 -0.009491041457411895 -0.49043078624896325 -0.8714284617977986 0 0 0 0 0 0
0.5233166813850403 0.7306452989578247 1.6105308532714844 -0.7418786874796058 -0.5808553371314014 0.33499714982295475 -0.009513658798930411 -0.49042902896657564 -0.8714292041486557 0 0 0 0 0 0
0.6688740849494934 0.25935086607933044 1.4269142150878906 -0.9906548019277359 -0.11395469029107715 0.07494926269272288 -0.009515189711439512 -0.4904291481104984 -0.871429120381208 0 0 0 0 0 0
0.6078675389289856 -0.23570527136325836 1.2589263916015625 -0.8951632580477674 0.3925520906625757 -0.21115301929583544 -0.009513915541915234 -0.49043386670661016 -0.871426478710777 0 0 0 0 0 0
0.36020785570144653 -0.6489094495773315 1.0469093322753906 -0.4885756409483158 0.7626396506363744 -0.42388041515169234 -0.009512458952791973 -0.49043772935255575 -0.8714243207256617 0 0 0 0 0 0
-0.06568021327257156 -1.332041621208191 0.5537071228027344 0.09574487713821399 -0.11687382657270476 -0.9885208278858072 -0.04539632057209274 -0.9925625420285115 0.11295474421384658 0 0 0 0 0 0
-0.44226139783859253 -1.8110569715499878 0.347412109375 0.6875100795821566 -0.021896456239156155 -0.7258446360462434 -0.03372059315350706 -0.9994296960830423 -0.0017900236684354573 0 0 0 0 0 0
-0.6289049983024597 -2.194186210632324 0.038547515869140625 0.976673988295526 -0.03258708462968736 -0.21224043559663217 -0.03373906838505615 -0.9994290413870884 -0.0018073451785075635 0 0 0 0 0 0
-0.6119009852409363 -2.5841169357299805 -0.31456756591796875 0.926419268211433 -0.031929000540557737 0.3751371461360153 -0.033725666253093325 -0.9994295478574794 -0.0017771621139735735 0 0 0 0 0 0
-0.40172451734542847 -2.9807004928588867 -0.5894622802734375 0.5542289480432165 -0.02018929483137799 0.8321193817747072 -0.033723740622031956 -0.9994295950616036 -0.0017871299496722897 0 0 0 0 0 0
-0.07598371058702469 -3.381495475769043 -0.6908531188964844 -0.010585857893431397 -0.0014400429427071228 0.9999429313160744 -0.03371578388364632 -0.9994298471915282 -0.0017962349038989295 0 0 0 0 0 0
0.2475464791059494 -3.7825918197631836 -0.583740234375 -0.5717179035336756 0.01782420228647074 0.8202566284961736 -0.03373325954789423 -0.9994292607695927 -0.0017944129458640089 0 0 0 0 0 0
0.45186930894851685 -4.1799726486206055 -0.30559539794921875 -0.9341616478258211 0.030889509619347836 0.35551069453227807 -0.03373090348005607 -0.9994293387684797 -0.0017952602091905695 0 0 0 0 0 0
0.46140414476394653 -4.5709099769592285 0.046680450439453125 -0.9719636642244424 0.03321651010405536 -0.23277306305477558 -0.03372517410298925 -0.9994295318946589 -0.0017953853475872726 0 0 0 0 0 0
0.26827555894851685 -4.954923152923584 0.3504219055175781 -0.6719905433727213 0.024004140977398867 -0.7401705957639574 -0.033717695112723385 -0.9994297755172418 -0.0018002349405354821 0 0 0 0 0 0
-0.06497449427843094 -5.333930492401123 0.49982452392578125 -0.13848332138285724 0.006456379207701808 -0.9903437205669043 -0.033713501150992455 -0.9994299150175506 -0.0018013351031489339 0 0 0 0 0 0
-0.42709797620773315 -5.711588382720947 0.44272613525390625 0.44315450133279066 -0.013361070468416118 -0.8963456753643784 -0.033753974741137296 -0.9994285686154968 -0.0017903698931062853 0 0 0 0 0 0
-0.6968218684196472 -6.09203577041626 0.19873046875 0.8707790808292448 -0.02849586898966596 -0.49084801908604997 -0.03371533857373195 -0.9994298720466932 -0.0017907555917543794 0 0 0 0 0 0
-0.7849738001823425 -6.478418827056885 -0.14760971069335938 0.9957888743140905 -0.033769607614215796 0.08522987383457965 -0.03373840246987861 -0.9994290646788672 -0.0018068962076699473 0 0 0 0 0 0
-0.6654898524284363 -6.871852397918701 -0.47618865966796875 0.7747379125600029 -0.027284567724633713 0.6316935326614078 -0.03372437306552702 -0.9994295380433438 -0.0018069719991476209 0 0 0 0 0 0
-0.38446110486984253 -7.270968914031982 -0.6730461120605469 0.284454375444154 -0.011329636038871719 0.9586226304640962 -0.0337011919642853 -0.9994303114413238 -0.0018116932646178932 0 0 0 0 0 0
-0.044121451675891876 -7.67244291305542 -0.6700172424316406 -0.30469014546439055 0.008573509372006674 0.9524129410050751 -0.033722782539728914 -0.9994296193164097 -0.001791639147430084 0 0 0 0 0 0
0.2428920716047287 -8.072498321533203 -0.454925537109375 -0.8049524181292735 0.0260972692156221 0.5927651618367283 -0.03372100802581407 -0.9994296810038479 -0.0017906273398491318 0 0 0 0 0 0
0.346416175365448 -8.466605186462402 -0.10471343994140625 -0.9994003859441298 0.03371000394555961 0.007905960328416131 -0.03372517994156742 -0.9994295339528386 -0.0017941295161482398 0 0 0 0 0 0
0.22212688624858856 -8.85302734375 0.2472991943359375 -0.8141600802858582 0.02851253233096791 -0.5799399961797774 -0.033724360998530656 -0.9994295654484151 -0.0017919773529432583 0 0 0 0 0 0
-0.08774984627962112 -9.232951164245605 0.4671173095703125 -0.31960516222458346 0.012483632081910865 -0.9474685742595588 -0.03372066462000374 -0.9994296875736719 -0.001793425208366095 0 0 0 0 0 0
-0.470480352640152 -9.610028266906738 0.4709587097167969 0.29637249250413217 -0.008289799946247298 -0.9550364521334981 -0.03372744000873374 -0.999429462651489 -0.0017913611062529199 0 0 0 0 0 0
-0.7856526374816895 -9.988995552062988 0.25710296630859375 0.7997504054170602 -0.025911240022627274 -0.5997732043662318 -0.033725347457898854 -0.9994295303016688 -0.0017930141745395379 0 0 0 0 0 0
-0.9185211658477783 -10.373868942260742 -0.093475341796875 0.9992938198455682 -0.033688546760261305 -0.01664161757867119 -0.03372296960051629 -0.99942961213049 -0.0017921266756117345 0 0 0 0 0 0
-0.8236006498336792 -10.7664213180542 -0.447845458984375 0.8191840989222922 -0.02866976857559213 0.5728136315091445 -0.033723271799895975 -0.9994295978844219 -0.0017943833740935364 0 0 0 0 0 0
-0.541946530342102 -11.165508270263672 -0.6716423034667969 0.3278552231556338 -0.012760145872634984 0.9446418005396958 -0.033721099734893255 -0.9994296670267518 -0.0017966912549221162 0 0 0 0 0 0
-0.18555773794651031 -11.567503929138184 -0.6801071166992188 -0.2880332660135754 0.007998965168768944 0.9575869956436239 -0.033723071316719797 -0.9994296033634991 -0.00179509934161853 0 0 0 0 0 0
0.10517405718564987 -11.967676162719727 -0.4702949523925781 -0.7944885710995285 0.02571809116025251 0.6067342830097061 -0.033722277199666306 -0.9994296319545531 -0.0017940991208220077 0 0 0 0 0 0
0.21480129659175873 -12.361985206604004 -0.12217330932617188 -0.9991111076678667 0.03366708451475174 0.02536773452566805 -0.03372334179129271 -0.9994295979855933 -0.001793011094040451 0 0 0 0 0 0
0.09668111801147461 -12.748620986938477 0.23172760009765625 -0.8241521106011382 0.028824844991396415 -0.5656345347509389 -0.03372258382658546 -0.9994296182401853 -0.0017959744809904977 0 0 0 0 0 0
-0.2093043178319931 -13.128684997558594 0.4566917419433594 -0.33608160960644684 0.013031943662412964 -0.9417427037831085 -0.03372175114753591 -0.9994296465180247 -0.0017958731580954177 0 0 0 0 0 0
-0.5918996334075928 -13.505779266357422 0.46698760986328125 0.27966776764564555 -0.007712779878097133 -0.9600658585569292 -0.03372190634539935 -0.9994296442879693 -0.001794199223920425 0 0 0 0 0 0
-0.9107441902160645 -13.884631156921387 0.2584342956542969 0.7891714594197003 -0.025527496613714052 -0.6136422040195875 -0.03372511004204616 -0.9994295333652254 -0.0017957700352529528 0 0 0 0 0 0
0.15942251682281494 -10.800824165344238 0.23952865600585938 -0.8191885616774678 0.02866992606667844 -0.572807241361466 0.03372569316732562 0.9994295223390232 0.0017909487920581176 0 0 0 0 0 0
0.2806313931941986 -10.41429615020752 -0.11344146728515625 -0.9992938981553159 0.03369093295836755 0.016632081828431962 0.03372529363491464 0.9994295380427423 0.0017897086103406776 0 0 0 0 0 0
0.1740511953830719 -10.020088195800781 -0.46262359619140625 -0.7997504054170602 0.025911240022627274 0.5997732043662318 0.03372431980891301 0.9994295674390282 0.0017916422810269636 0 0 0 0 0 0
-0.11483276635408401 -9.619974136352539 -0.6750831604003906 -0.2963725153512491 0.008287415882519522 0.9550364657343527 0.03372392222468496 0.9994295788431806 0.001792764102215178 0 0 0 0 0 0
-0.4712749421596527 -9.217970848083496 -0.6698455810546875 0.31960229108780397 -0.012483519209079641 0.9474695442490926 0.033723840486653556 0.999429582373023 0.001792333818189201 0 0 0 0 0 0
-0.7548633217811584 -8.81881332397461 -0.44863128662109375 0.8141555836507488 -0.02851237420292599 0.5799463165911314 0.03372483818280845 0.9994295506033399 0.0017912761790079789 0 0 0 0 0 0
-0.8528642654418945 -8.426155090332031 -0.09521865844726562 0.9994003909113202 -0.03370761867076713 -0.007915496816165431 0.03372280475591261 0.9994296162676329 0.0017929212270930328 0 0 0 0 0 0
-0.7230518460273743 -8.041180610656738 0.2563896179199219 0.8049524115718084 -0.026097269606908658 -0.5927651707242881 0.03372399617143199 0.9994295728935794 0.0017946888272997532 0 0 0 0 0 0
-0.3077971339225769 -7.665633678436279 0.4959526062011719 0.13476879666194103 -0.002775207863036013 -0.9908731854619991 0.033721425220672806 0.9994296729137674 0.0017872830124756904 0 0 0 0 0 0
0.05411272495985031 -7.287761211395264 0.4388999938964844 -0.4465082454047593 0.01667025340178838 -0.8946242168849909 0.03372286906573732 0.99942961567121 0.0017920438813030036 0 0 0 0 0 0
0.32292109727859497 -6.906409740447998 0.19530868530273438 -0.8726070793379904 0.030317359649421536 -0.4874810178797833 0.03371812868992481 0.9994297615791221 0.0017998520908324776 0 0 0 0 0 0
0.4097779393196106 -6.518736362457275 -0.14992141723632812 -0.9954637185424582 0.033435820246710345 0.0890731777251211 0.03372849432795165 0.9994294433903428 0.0017822331045782415 0 0 0 0 0 0
0.2890694737434387 -6.124094486236572 -0.4765892028808594 -0.7723663703204584 0.024928990577868793 0.6346879039549824 0.033729375392129356 0.9994293981444824 0.0017909104429487954 0 0 0 0 0 0
0.007310204673558474 -5.724249362945557 -0.6709060668945312 -0.28086999717945144 0.00774386374139931 0.9597145811431488 0.033745655720124425 0.9994288111281424 0.0018116862330611026 0 0 0 0 0 0
-0.33301419019699097 -5.322799205780029 -0.6651153564453125 0.308255050896438 -0.012102170242849613 0.951226766377107 0.033712788095998536 0.9994299586107583 0.001790460860353341 0 0 0 0 0 0
-0.6090647578239441 -4.9238600730896 -0.4609832763671875 0.7902370162882754 -0.027770935062655686 0.6121717350985341 0.03373270130398553 0.9994292802933266 0.001794033193578867 0 0 0 0 0 0
-0.7203356623649597 -4.5307183265686035 -0.12919998168945312 0.9976048156720185 -0.033769607998260676 0.060367585040663675 0.03372205302829448 0.9994296168855403 0.0018066631061906201 0 0 0 0 0 0
-0.6235930323600769 -4.144614219665527 0.2151641845703125 0.8582775681771517 -0.028047560475383617 -0.5124187255704988 0.033722212828555 0.9994296615964801 0.001778730752882441 0 0 0 0 0 0
-0.34788960218429565 -3.764357566833496 0.4526824951171875 0.42068183576971185 -0.012569499886375029 -0.9071211609956146 0.03372762203728779 0.9994294539626776 0.0017927809610180025 0 0 0 0 0 0
0.015532784163951874 -3.386721611022949 0.5010604858398438 -0.1631160959115146 0.007276564297044327 -0.9865800478758002 0.03372721851793078 0.9994294635072786 0.0017950500263864723 0 0 0 0 0 0
0.3449414372444153 -3.007571220397949 0.3437156677246094 -0.6902208992571789 0.02459525488982308 -0.7231806023847127 0.033744376908994 0.9994289041589474 0.001783972721050031 0 0 0 0 0 0
0.5304310917854309 -2.623293876647949 0.03558349609375 -0.9774609753185161 0.03335955843601494 -0.2084638615931534 0.03372864087253429 0.9994294336234241 0.0017849347477060019 0 0 0 0 0 0
0.5121071934700012 -2.2320547103881836 -0.3160209655761719 -0.9250064942884796 0.03052710012706408 0.37872296165134917 0.03372651383194344 0.9994294503973099 0.001815473292257314 0 0 0 0 0 0
0.3009064793586731 -1.8344563245773315 -0.5886497497558594 -0.5511022414976806 0.01709933443183031 0.8342625079543132 0.033725527687482486 0.9994295225211015 0.0017939608257127252 0 0 0 0 0 0
0.07082300633192062 -1.340819239616394 -0.6258926391601562 -0.10538241240511015 -0.0022792915612564824 0.9944291588573105 0.033276917645006544 0.9994292405896894 0.005817199185544069 0 0 0 0 0 0
-0.002628990216180682 -0.5637921094894409 -1.0865097045898438 -0.08808660305015663 0.80155806568688 0.5913927778519041 0.05683435340435013 0.5967777004219335 -0.8003912996480025 0 0 0 0 0 0
-0.29291409254074097 -0.3144596815109253 -1.3276481628417969 0.4337363675473627 0.7685670983872016 0.4702949911954161 0.010991291149766495 0.5173950874929446 -0.8556760572535783 0 0 0 0 0 0
-0.5479323267936707 0.09451781958341599 -1.5391311645507812 0.865903202090644 0.4230405029941802 0.26692391694188855 0.01099007008336915 0.517403632554695 -0.8556709060022838 0 0 0 0 0 0
-0.6223990321159363 0.591706395149231 -1.6949577331542969 0.9971536293486359 -0.06950393557921243 -0.029220582058604862 0.01099017733521637 0.5174094641182516 -0.855667378391279 0 0 0 0 0 0
-0.48894375562667847 1.074402928352356 -1.8568801879882812 0.7818682080063634 -0.5378901162657328 -0.31520838842352317 0.010995060624950485 0.5174105171574974 -0.8556666788981938 0 0 0 0 0 0
-0.1924578696489334 1.4449435472488403 -2.0845260620117188 0.2948616726715114 -0.8193583329631572 -0.49163860323737235 0.01097171925913383 0.5173831481844117 -0.8556835275680408 0 0 0 0 0 0
0.16550950706005096 1.6446315050125122 -2.4146881103515625 -0.29460956282395284 -0.8160700434012464 -0.4972272013433769 0.010988385698517547 0.5173928620065184 -0.8556774402334356 0 0 0 0 0 0
0.46204692125320435 1.674164891242981 -2.8485260009765625 -0.7817007441716092 -0.5291858711841019 -0.33000948516773787 0.010965625589086755 0.5174106157746895 -0.8556669969907083 0 0 0 0 0 0
0.5955899357795715 1.5933505296707153 -3.3511734008789062 -0.9971341270967407 -0.05838394036355134 -0.048112868202240526 0.010994720843138975 0.5173751040418448 -0.8556880961140406 0 0 0 0 0 0
0.5212166905403137 1.5003634691238403 -3.863861083984375 -0.8660388116066658 0.4326903509348972 0.2505111514458974 0.01099238702078639 0.5174025556610056 -0.8556715274116846 0 0 0 0 0 0
0.26626330614089966 1.4975978136062622 -4.324310302734375 -0.4339756024274091 0.7734031728664041 0.46207435407945574 0.011002228753087036 0.5174004000326604 -0.8556727043727105 0 0 0 0 0 0
-0.07918233424425125 1.656098484992981 -4.688407897949219 0.14890091422828444 0.845340467101081 0.513057513757773 0.010977139710021674 0.517396483035167 -0.8556753950807671 0 0 0 0 0 0
-0.3935782313346863 1.9908647537231445 -4.945529937744141 0.6800327130668956 0.6234991086848078 0.38575169556092365 0.011005072512835817 0.5173941962141088 -0.8556764190410671 0 0 0 0 0 0
-0.5661799311637878 2.4556360244750977 -5.122215270996094 0.9748401284073218 0.18498421026096046 0.12436866969186912 0.010987768751770897 0.5173876274041193 -0.8556806132821954 0 0 0 0 0 0
-0.5355135798454285 2.958981513977051 -5.272968292236328 0.9308644823778607 -0.3178209089301956 -0.18022537361365562 0.010991938968257066 0.5174128106057279 -0.8556653321823897 0 0 0 0 0 0
-0.31074780225753784 3.3960561752319336 -5.4613037109375 0.5634003737087631 -0.7101706829906502 -0.4221819748940254 0.010978036272001848 0.5173922770192507 -0.8556779267928123 0 0 0 0 0 0
0.031493477523326874 3.6850500106811523 -5.737663269042969 0.000133514407889765 -0.8557224503957661 -0.5174350877767844 0.011017146699261654 0.5174049476637975 -0.8556697625904693 0 0 0 0 0 0
0.38760483264923096 3.7872188091278076 -6.126804351806641 -0.5862271597856593 -0.6898932019508641 -0.42471765566270375 0.01102577792156476 0.517405203123745 -0.8556694969447611 0 0 0 0 0 0
0.6100844740867615 3.732126474380493 -6.612762451171875 -0.949872997229526 -0.26196603234752597 -0.17063143623111163 0.011012494144927047 0.517408175634387 -0.8556678705896368 0 0 0 0 0 0
0.6160405874252319 3.617319107055664 -7.137611389160156 -0.9526449184034522 0.2654888042596583 0.1482678463216376 0.011016731694332881 0.5173996716040784 -0.8556729582304017 0 0 0 0 0 0
0.4048413932323456 3.5630300045013428 -7.628665924072266 -0.5934889017395512 0.6920780297517126 0.4108514625104417 0.011020590297083153 0.5174146832276664 -0.8556638312853464 0 0 0 0 0 0
0.05835609883069992 3.6665003299713135 -8.026065826416016 -0.0088593292330025 0.8557396298127644 0.5173308402303639 0.011010106171731544 0.5174032600278221 -0.8556708736860624 0 0 0 0 0 0
-0.29014864563941956 3.965036153793335 -8.305538177490234 0.5791368916954265 0.6942886699554667 0.4272747400079122 0.01100956259882103 0.5174067114200511 -0.8556687936981636 0 0 0 0 0 0
-0.5066390633583069 4.421835422515869 -8.487617492675781 0.9471094084993379 0.26906466614543034 0.1748941787598507 0.011021318345349843 0.5173992574928583 -0.8556731495657494 0 0 0 0 0 0
-0.5072356462478638 4.939967632293701 -8.629825592041016 0.9552598919340366 -0.2583802599722231 -0.14393811211371013 0.011015488139890112 0.5174018279932914 -0.8556716703328682 0 0 0 0 0 0
-0.2900806665420532 5.3992018699646 -8.804847717285156 0.6004894261818525 -0.6876610341901884 -0.4080866955688094 0.011017282218786256 0.5174092126177985 -0.855667181905875 0 0 0 0 0 0
0.06395598500967026 5.70168399810791 -9.072891235351562 0.017583770479294568 -0.8556867730562483 -0.5171952797854174 0.011018567182804955 0.5174096811565843 -0.8556668820415337 0 0 0 0 0 0
0.4220008850097656 5.809111595153809 -9.458831787109375 -0.5720041753256006 -0.6986276868449306 -0.42980295320504847 0.011001998106504134 0.5174079357049007 -0.8556681506911764 0 0 0 0 0 0
0.6496577858924866 5.75728702545166 -9.942741394042969 -0.9442745603072402 -0.27614330268631043 -0.1791380225917013 0.011022408835558375 0.5173968475122401 -0.8556745927558311 0 0 0 0 0 0
0.6620670557022095 5.642515659332275 -10.467491149902344 -0.9578021314315941 0.2512513730369547 0.13959879860564867 0.011014214847618942 0.5174085556461101 -0.8556676186554548 0 0 0 0 0 0
0.4561452269554138 5.585017204284668 -10.96041488647461 -0.607444520828365 0.6831905165067672 0.4052923294004152 0.011016353113393766 0.517407172593718 -0.8556684274370859 0 0 0 0 0 0
0.11175645142793655 5.683252334594727 -11.360954284667969 -0.02630774813812231 0.85557247165853 0.5170141662740154 0.011025399821120134 0.5174100473579178 -0.8556665725923048 0 0 0 0 0 0
-0.23862917721271515 5.976515769958496 -11.643638610839844 0.5648250534896446 0.7029137516348981 0.43230188145897863 0.011006803594399614 0.5174046723531871 -0.8556700621745075 0 0 0 0 0 0
0.6390761733055115 4.62991189956665 -8.802555084228516 -0.9552599245223252 0.2583801680244972 0.14393806089160024 -0.01101531177640615 -0.5174013530796678 0.8556719597706808 0 0 0 0 0 0
0.6298930644989014 4.744713306427002 -8.277748107910156 -0.9471109843260347 -0.269065124405826 -0.17488493988176002 -0.011012115751722477 -0.5174007960396337 0.8556723377346169 0 0 0 0 0 0
0.4048161804676056 4.798181533813477 -7.792808532714844 -0.5791373727520593 -0.6942882151802477 -0.4272748269482635 -0.011017726440492256 -0.5174020208448447 0.855671524902958 0 0 0 0 0 0
0.047724928706884384 4.693386554718018 -7.405265808105469 0.008859324439293133 -0.8557394703156344 -0.5173311041435619 -0.011017348772606442 -0.5174035374912774 0.8556706126878119 0 0 0 0 0 0
-0.30734682083129883 4.393526077270508 -7.135650634765625 0.5934907771812692 -0.6920811820364522 -0.41084344326251576 -0.011019284255602474 -0.5174048584101465 0.8556697890355078 0 0 0 0 0 0
-0.527132511138916 3.935905694961548 -6.959686279296875 0.9526449115140692 -0.2654888231034245 -0.14826785684533794 -0.011019735910198638 -0.5174077117327334 0.8556680578705544 0 0 0 0 0 0
-0.529762864112854 3.4177675247192383 -6.8175201416015625 0.9498729899472305 0.2619660508871422 0.17063144830688085 -0.011014426414927982 -0.5174031397103747 0.8556708908386428 0 0 0 0 0 0
-0.3158697187900543 2.9593443870544434 -6.6364593505859375 0.5862295831356197 0.6898959661550244 0.42470982063011314 -0.011015482769801513 -0.5174030171348515 0.855670951358699 0 0 0 0 0 0
0.1358349770307541 2.6653947830200195 -6.352874755859375 -0.1737680509983426 0.8436970276420975 0.507917306261686 -0.010994857251595594 -0.5173937947082896 0.8556767931359208 0 0 0 0 0 0
0.4462655186653137 2.6000680923461914 -5.932888031005859 -0.6982933532750563 0.616477245992233 0.363788672096465 -0.010993079924407923 -0.5173943035445135 0.8556765082982374 0 0 0 0 0 0
0.6110909581184387 2.6632814407348633 -5.437046051025391 -0.980139377128712 0.17502784106544084 0.09323119785624964 -0.011001365515784489 -0.5173951658280247 0.8556758804211902 0 0 0 0 0 0
0.5715458989143372 2.762986183166504 -4.921760559082031 -0.9213688456240849 -0.32725512481166213 -0.20972251571503908 -0.010988463902251664 -0.5174169359803583 0.8556628822274381 0 0 0 0 0 0
0.33988314867019653 2.7944536209106445 -4.4502105712890625 -0.5424039373614171 -0.7158110965604744 -0.4397868151453874 -0.010990976881488751 -0.517391375403407 0.855678305840087 0 0 0 0 0 0
-0.0048796613700687885 2.6766672134399414 -4.070354461669922 0.025062591338943983 -0.8556091002795996 -0.5170154098613607 -0.010983426181087566 -0.5173823223728526 0.855683876700618 0 0 0 0 0 0
-0.3444144129753113 2.3804712295532227 -3.7983169555664062 0.5838205110328143 -0.6980515199004643 -0.41458133877688647 -0.011006253923614595 -0.5173998256089455 0.855672999944723 0 0 0 0 0 0
-0.5622183680534363 1.938725471496582 -3.6127166748046875 0.9396830110853921 -0.29790879190668035 -0.1680660298281397 -0.010996317446965052 -0.5174115420143216 0.8556660430290357 0 0 0 0 0 0
-0.584082305431366 1.4348613023757935 -3.4621620178222656 0.9689845913568209 0.20575494415628778 0.13687134348832103 -0.010996988500526406 -0.5174124582953006 0.8556654803395619 0 0 0 0 0 0
-0.40390080213546753 0.9739009737968445 -3.2830657958984375 0.6615435349878445 0.6379207573457688 0.394229956577614 -0.010985374438037708 -0.5174051244106872 0.8556700642081723 0 0 0 0 0 0
-0.08577794581651688 0.6459552049636841 -3.0217742919921875 0.12420294071216743 0.848396837355379 0.5145837501163835 -0.01099932431990075 -0.5173902899098929 0.8556788549283326 0 0 0 0 0 0
0.2582409977912903 0.4949084222316742 -2.6531906127929688 -0.4562970272097454 0.7640318348204093 0.45612320522037414 -0.010982955729654933 -0.5173940553150351 0.8556767884009142 0 0 0 0 0 0
0.5071156620979309 0.5031787157058716 -2.1894912719726562 -0.8782316042428027 0.4141438815135325 0.23915286892282647 -0.010966933762336465 -0.5173824820357239 0.8556839916969384 0 0 0 0 0 0
0.5728676915168762 0.5977984666824341 -1.6759223937988281 -0.9949571385907492 -0.07965117490094804 -0.060958860752210416 -0.011001371489016119 -0.5174295046268469 0.8556551160175323 0 0 0 0 0 0
0.4311574101448059 0.675812840461731 -1.1750679016113281 -0.7659093949791056 -0.5457873795408329 -0.3398513425259512 -0.01098400785325624 -0.5173980488383054 0.8556743601568263 0 0 0 0 0 0
0.12974481284618378 0.6400195360183716 -0.7450790405273438 -0.2706918320168884 -0.8222323009670046 -0.500659540332396 -0.010989316267130282 -0.5174028412838123 0.8556713941458014 0 0 0 0 0 0
-0.22811193764209747 0.43278226256370544 -0.4194831848144531 0.3185954149531997 -0.8129441213054647 -0.4874616058785392 -0.010995041928956123 -0.5173940733740087 0.8556766222647617 0 0 0 0 0 0
-0.3125292658805847 0.21536743640899658 0.567840576171875 0.6326525921541006 -0.6778233673865683 0.37457466580834137 0.009509533393619839 0.49043723806125256 0.8714246291547457 0 0 0 0 0 0
-0.5045954585075378 0.1507197618484497 1.0535926818847656 0.9589429522232898 -0.25149211202061356 0.13107300245547238 0.00950743670525333 0.49042567239077517 0.8714311610835086 0 0 0 0 0 0
-0.49670666456222534 0.03363143280148506 1.5666732788085938 0.9519796425796597 0.26225041637436497 -0.15798569310344415 0.009515219639185783 0.4904285496329898 0.871429456869631 0 0 0 0 0 0
-0.29031819105148315 -0.028773199766874313 2.04681396484375 0.6141795956979728 0.6848420267666807 -0.3921413298829643 0.009516038126127958 0.4904427558257762 0.8714214527290456 0 0 0 0 0 0
0.044135384261608124 0.05162154510617256 2.4451866149902344 0.06293784959065485 0.8694378748443541 -0.4900169475385898 0.00951068734926548 0.49044556692790486 0.8714199290278544 0 0 0 0 0 0
0.3917115330696106 0.31330594420433044 2.7413864135742188 -0.5101719813195857 0.7518947472719789 -0.41758692328814034 0.009525412919732228 0.49043508281347087 0.8714256686915143 0 0 0 0 0 0
0.6329110264778137 0.7317706346511841 2.950511932373047 -0.9059914324067373 0.3730396976870664 -0.2000522640589967 0.009523503511226548 0.49044978476172313 0.8714174151966733 0 0 0 0 0 0
0.6851990818977356 1.2280207872390747 3.1179237365722656 -0.9869558317816288 -0.13545066054647584 0.08701324422038749 0.009517501144645066 0.49044849155688214 0.8714182086125701 0 0 0 0 0 0
0.53169184923172 1.6960269212722778 3.3034820556640625 -0.7249272225213393 -0.5968771245348462 0.3438287658915559 0.009518149491677917 0.49042469773866676 0.8714315926555519 0 0 0 0 0 0
0.22702722251415253 2.03957462310791 3.56072998046875 -0.2109718869039661 -0.8508584604080836 0.48117641597252664 0.009511561082653247 0.4904458180611443 0.8714197781506373 0 0 0 0 0 0
-0.12162656337022781 2.205704689025879 3.9183082580566406 0.37629635785385734 -0.8091600103882902 0.4512882988227635 0.00950089760292642 0.4904341655444614 0.8714264525543431 0 0 0 0 0 0
-0.39181965589523315 2.203118324279785 4.369983673095703 0.8328000342718985 -0.4862588795343242 0.26456833709034067 0.009509980266258891 0.49042434951827807 0.8714318778165675 0 0 0 0 0 0
-0.48836392164230347 2.0991411209106445 4.876834869384766 0.9998848247732185 0.005626678653066955 -0.014095306863106711 0.009524389914954157 0.49044974501143407 0.8714174278811317 0 0 0 0 0 0
-0.3764159083366394 1.9963350296020508 5.380733489990234 0.8194880973339009 0.4955578269225955 -0.28785707999598986 0.009522321788484013 0.4904406866755691 0.8714225486186096 0 0 0 0 0 0
-0.09359616786241531 1.9968576431274414 5.824619293212891 0.35429819902268544 0.8132810213544045 -0.46156989337912635 0.00952253246003942 0.49042437159390934 0.8714317283197041 0 0 0 0 0 0
0.26310282945632935 2.166966438293457 6.172260284423828 -0.23401730117508684 0.8483594784668705 -0.4748916698007537 0.00953740584280706 0.4904345409799928 0.8714258424579419 0 0 0 0 0 0
0.5710023045539856 2.513962745666504 6.420879364013672 -0.74100121463496 0.5886179769438284 -0.32318118312808464 0.00950631484590635 0.4904269460236225 0.8714304565437184 0 0 0 0 0 0
0.7060238718986511 2.909024238586426 6.644340515136719 -0.9598607058443139 0.24877679618678908 -0.1295281091311557 0.009518427754591819 0.4904401349384772 0.8714229016812728 0 0 0 0 0 0
0.6989538073539734 3.422379732131958 6.802776336669922 -0.9418977612938291 -0.2882280189147173 0.17249120668071755 0.009512859434895365 0.49042474149485615 0.871431625794632 0 0 0 0 0 0
0.4771782159805298 3.8700335025787354 7.000530242919922 -0.5660929780290117 -0.7157308195254396 0.40898427134510634 0.009515203778477742 0.4904281518392327 0.871429680915568 0 0 0 0 0 0
0.12636208534240723 4.154537200927734 7.291511535644531 0.024781690518491335 -0.871312958477593 0.4901016182426556 0.009507472103196017 0.49043542689531117 0.8714256709669626 0 0 0 0 0 0
-0.21880504488945007 4.240424633026123 7.6942138671875 0.6062415434037723 -0.6958731973509662 0.3850086807592203 0.009524535800295659 0.4904350728273069 0.8714256838988987 0 0 0 0 0 0
-0.4257797300815582 4.167687892913818 8.184677124023438 0.9573772842908677 -0.2560555216266547 0.13365741793235653 0.009509529973852838 0.4904294229251461 0.8714290274996496 0 0 0 0 0 0
-0.4145202040672302 4.036583423614502 8.705608367919922 0.9447922691637112 0.28103971586001875 -0.1684762482897979 0.00951146381907766 0.4904256621594676 0.8714311228958181 0 0 0 0 0 0
-0.18789546191692352 3.9695417881011963 9.18813705444336 0.573263218347974 0.711364038756455 -0.40660851793024166 0.009514328672766375 0.490431948308193 0.8714275538612127 0 0 0 0 0 0
0.16940486431121826 4.064655303955078 9.57797622680664 -0.016057043851844886 0.8714262069609664 -0.4902637424533484 0.00950252729933579 0.4904378113894414 0.8714243829125164 0 0 0 0 0 0
0.523045003414154 4.358410835266113 9.856060028076172 -0.5992778052943619 0.7004240263524362 -0.387649707067882 0.009516589989330602 0.49043345898155516 0.8714266789732584 0 0 0 0 0 0
0.7400798797607422 4.811828136444092 10.045780181884766 -0.954821982836894 0.2633154334317387 -0.13776778871738313 0.009515016050972953 0.49043632425664846 0.8714250835953584 0 0 0 0 0 0
0.7394630908966064 5.325268268585205 10.204097747802734 -0.9476139737989986 -0.2738309866450159 0.1644516567684485 0.009512830086549209 0.4904258144643948 0.8714310222677867 0 0 0 0 0 0
0.5228376984596252 5.7762885093688965 10.399900436401367 -0.5803911670936784 -0.706942854259686 0.40420031416465557 0.00951282949177676 0.4904349170772481 0.8714258994237509 0 0 0 0 0 0
0.1739121526479721 6.066161155700684 10.687841415405273 0.007331445440749568 -0.871478274897943 0.4903793085853586 0.009515393684066904 0.49043108463085794 0.871428028302302 0 0 0 0 0 0
-0.17334219813346863 6.1573805809021 11.087564468383789 0.5922693978381791 -0.7049225691573394 0.39025777619032376 0.009515299008501092 0.49043243130945513 0.8714272714373101 0 0 0 0 0 0
-0.3803735375404358 6.4044928550720215 11.746334075927734 0.9853615788015905 -0.11844215883170785 -0.12261327021542662 0.16008474672841908 0.890145476783475 0.4266308756135895 0 0 0 0 0 0
4.269843578338623 7.904484748840332 29.155282974243164 -0.7613032631872738 -0.6167812245940539 -0.19999565607449524 -0.16601945166624632 0.4835890894580921 -0.8594062684350938 0 0 0 0 0 0
4.338876247406006 7.804165840148926 28.631959915161133 -0.9842127788207509 -0.135439183555662 0.11393609420948081 -0.166034572828751 0.48358034279946405 -0.8594082689173564 0 0 0 0 0 0
4.183556079864502 7.672977924346924 28.13462257385254 -0.8332075939779209 0.3973411296080903 0.38455835975738584 -0.16603254647731805 0.4835914984408431 -0.8594023831395847 0 0 0 0 0 0
3.838308334350586 7.632358551025391 27.724943161010742 -0.3656421910821934 0.7791894994219596 0.5090869396195197 -0.16605169704256814 0.4835762228708992 -0.8594072786422032 0 0 0 0 0 0
3.40970778465271 7.769359588623047 27.43130874633789 0.24083196081165706 0.8649904504789884 0.44021754534748975 -0.16603066317140458 0.4835983554398963 -0.8593988884695462 0 0 0 0 0 0
3.036006450653076 8.103535652160645 27.23802375793457 0.755807044993956 0.62217415340926 0.2040956480843592 -0.16601594795121355 0.48358991464019374 -0.8594064809414402 0 0 0 0 0 0
2.8345916271209717 8.579532623291016 27.091251373291016 0.9836387825501353 0.1430027732926706 -0.10956711319503118 -0.16603310408965494 0.4835847197853756 -0.8594060897715663 0 0 0 0 0 0
2.857398271560669 9.088130950927734 26.919509887695312 0.8377776806258824 -0.39052939079744986 -0.38159579762949375 -0.16603757981924352 0.483566211323727 -0.8594156394631093 0 0 0 0 0 0
3.0711770057678223 9.507706642150879 26.66077995300293 0.3736269741473921 -0.7756773386434286 -0.5086526816055448 -0.16604335640849524 0.4835792760600595 -0.8594071721587099 0 0 0 0 0 0
3.3538663387298584 9.75239372253418 26.290315628051758 -0.20538288238364663 -0.8693511853072781 -0.4494957043494585 -0.16607824477211652 0.4835848127450264 -0.859397315271447 0 0 0 0 0 0
3.593731641769409 9.815813064575195 25.82613754272461 -0.7130075640018065 -0.660903151339269 -0.23415216895436367 -0.16601415576547723 0.4835838878954902 -0.8594102183784865 0 0 0 0 0 0
3.6849215030670166 9.741414070129395 25.313129425048828 -0.9728593952377937 -0.22276738495519674 0.06260422747528824 -0.16603546018994436 0.4835838032710321 -0.8594061502999832 0 0 0 0 0 0
3.5732579231262207 9.620576858520508 24.813180923461914 -0.8946184526539133 0.2927577131686733 0.33756591289904697 -0.1660348650609046 0.4835745181458208 -0.8594114899070437 0 0 0 0 0 0
3.2750513553619385 9.560781478881836 24.38361930847168 -0.5054512333986012 0.7065654104115737 0.49526192208341335 -0.1660225273469124 0.4836167891388812 -0.8593900870247125 0 0 0 0 0 0
2.87145733833313 9.648320198059082 24.057321548461914 0.05933149914414896 0.8748214702270507 0.4807984696721584 -0.16604067871857986 0.48358609578751066 -0.8594038520810028 0 0 0 0 0 0
2.480229377746582 9.918258666992188 23.831274032592773 0.6035233426473636 0.7390530353204471 0.2992660787048653 -0.16604924125205003 0.4835957347886483 -0.8593967737743993 0 0 0 0 0 0
2.2148478031158447 10.342310905456543 23.667633056640625 0.9379702184966224 0.34644318984663275 0.01374719688839428 -0.16601727887285622 0.48358217080670257 -0.8594105812669108 0 0 0 0 0 0
2.1450445652008057 10.838601112365723 23.50686264038086 0.9464418749458244 -0.166569144725443 -0.2765908483201617 -0.16603904571708783 0.4836062678012135 -0.8593928164935635 0 0 0 0 0 0
2.272589921951294 11.300159454345703 23.28839874267578 0.6260323102869935 -0.6216870575072925 -0.4707321414612073 -0.1660666408283593 0.48352332924300623 -0.8594341515681956 0 0 0 0 0 0
2.5306684970855713 11.63209056854248 22.971792221069336 0.08802741743244681 -0.8607525272099988 -0.5013544262114119 -0.16605376454614648 0.48358558778954047 -0.8594016095879143 0 0 0 0 0 0
2.80710506439209 11.784538269042969 22.55064582824707 -0.48055623333522923 -0.8006920155753044 -0.35771217870882327 -0.16602748352024252 0.4835882441340018 -0.8594051924740325 0 0 0 0 0 0
2.9833343029022217 11.77003288269043 22.054912567138672 -0.8821242993965005 -0.462381409263872 -0.08977835363487488 -0.16601409405360068 0.4835864271815507 -0.8594088014567604 0 0 0 0 0 0
2.975630521774292 11.6591215133667 21.540462493896484 -0.9771516794408647 0.03661408589620566 0.20936571849250532 -0.1660189040689319 0.4835787906270372 -0.859412169303788 0 0 0 0 0 0
2.764177083969116 11.5558443069458 21.069669723510742 -0.7325986342628504 0.5228874278157543 0.4357613784038584 -0.1660364879909015 0.483581104058665 -0.8594074705592509 0 0 0 0 0 0
2.399968385696411 11.561592102050781 20.689743041992188 -0.23341991202462242 0.8274595035630954 0.5107111851462952 -0.16603894291478516 0.48358845029371383 -0.8594028625611302 0 0 0 0 0 0
1.7811806201934814 11.693957328796387 19.98911476135254 0.04814193154042741 0.7575344645572505 -0.6510175799742406 -0.3475601760788649 -0.5983380330354524 -0.7219373395436022 0 0 0 0 0 0
1.2741076946258545 11.681657791137695 19.593448638916016 0.6422925605233281 0.4904305857575445 -0.5890145221044203 -0.33939983025191844 -0.507047440525052 -0.7922819247477269 0 0 0 0 0 0
0.9765156507492065 11.774724006652832 19.169418334960938 0.9178094490201774 0.005936627389912809 -0.39697678993174396 -0.33941029587461385 -0.5070152350170266 -0.7922980515657831 0 0 0 0 0 0
0.8702968955039978 11.869023323059082 18.662609100341797 0.8743739139629135 -0.4806150285257451 -0.06692871533484494 -0.3393732160762247 -0.5070869414472391 -0.7922680443030404 0 0 0 0 0 0
0.9464020729064941 11.86311149597168 18.141849517822266 0.5270745253839201 -0.8001390409977336 0.28630396393089363 -0.33938694737286734 -0.5070563863261623 -0.7922817182282956 0 0 0 0 0 0
1.1324094533920288 11.690361976623535 17.680788040161133 -0.003415912863416326 -0.8416127424176071 0.5400706651352433 -0.339359638666536 -0.5070480420124928 -0.7922987559850235 0 0 0 0 0 0
1.3177001476287842 11.342123985290527 17.332326889038086 -0.5327029056478607 -0.5905875075666059 0.6061633527528618 -0.33940966174697595 -0.5070365237219945 -0.7922846995397038 0 0 0 0 0 0
1.3919209241867065 10.870742797851562 17.110267639160156 -0.8768647625730743 -0.1343298828057598 0.4615882047269589 -0.3393830338565578 -0.5070629516209978 -0.7922791928504246 0 0 0 0 0 0
1.2833009958267212 10.371347427368164 16.984453201293945 -0.91630449297616 0.36859598406782107 0.15659845682757195 -0.33937859203143617 -0.5070732512633496 -0.7922745036437663 0 0 0 0 0 0
0.9836227297782898 9.948808670043945 16.891294479370117 -0.6373076729423323 0.7434480326290381 -0.2027904159195937 -0.33938219975815836 -0.5070430550184917 -0.7922922837216254 0 0 0 0 0 0
0.5510544180870056 9.681291580200195 16.755847930908203 -0.13681832362333346 0.8599389027708092 -0.4917172254682944 -0.3393557262830608 -0.5070374127825257 -0.7923072340182811 0 0 0 0 0 0
0.08996295183897018 9.59308910369873 16.51788330078125 0.41119627639736217 0.677541376231665 -0.6097993979753061 -0.33945159275136577 -0.5070405723620097 -0.7922641441825868 0 0 0 0 0 0
-0.2853951156139374 9.646158218383789 16.152751922607422 0.8163303041169243 0.2597278371743441 -0.5158936762329106 -0.3393760569765114 -0.5070494639103077 -0.7922908134639359 0 0 0 0 0 0
-0.49053552746772766 9.753385543823242 15.680070877075195 0.9377432951879469 -0.24837711136719096 -0.24278863828223352 -0.33941931017053306 -0.5069848678620392 -0.79231362202241 0 0 0 0 0 0
-0.5001403093338013 9.808826446533203 15.156742095947266 0.7332874888402219 -0.6701655108114294 0.11475036744715765 -0.339383388655146 -0.507014272174034 -0.7923101938740815 0 0 0 0 0 0
-0.35684582591056824 9.724526405334473 14.657354354858398 0.27400543337276007 -0.8590459542297597 0.43238995247772277 -0.33936777610734303 -0.5070406107208532 -0.7923000262651647 0 0 0 0 0 0
-0.15641410648822784 9.461109161376953 14.248141288757324 -0.2805114263338988 -0.7493911424407752 0.5997718360572055 -0.33937843103244736 -0.5070628778096312 -0.7922812117533582 0 0 0 0 0 0
-0.004778440576046705 9.028258323669434 13.96824836730957 -0.7537088222990077 -0.35736500484012157 0.5515553140930314 -0.3393807436028112 -0.5070425750410137 -0.7922932146417645 0 0 0 0 0 0
-0.024956926703453064 8.513946533203125 13.814096450805664 -0.9405425885989679 0.17044771071124598 0.29381493655845353 -0.3393897295839237 -0.5070540017048565 -0.7922820525595935 0 0 0 0 0 0
-0.2595299184322357 8.03848934173584 13.726911544799805 -0.7700522716871817 0.6334927601082765 -0.07554086152413629 -0.3393813065473217 -0.5070191669097521 -0.7923079534829711 0 0 0 0 0 0
-0.669638454914093 7.707433700561523 13.622509002685547 -0.30700780515684245 0.8558716120762774 -0.41620907151902964 -0.33936345313199495 -0.5070306242914446 -0.7923082687369585 0 0 0 0 0 0
-1.1497284173965454 7.571473598480225 13.423230171203613 0.27267278633695435 0.7530780450733724 -0.5987679096442206 -0.3393996125902134 -0.5070489493462015 -0.7922810523674831 0 0 0 0 0 0
-1.5676615238189697 7.607172012329102 13.087457656860352 0.7487636544601728 0.3641996066439614 -0.5538155254954764 -0.3393726432633629 -0.5070587135733595 -0.7922863560568036 0 0 0 0 0 0
-1.8149139881134033 7.725897312164307 12.625446319580078 0.9403895373470742 -0.1630562618230141 -0.2984630186948801 -0.33937719115686016 -0.5070563761347329 -0.792285903915747 0 0 0 0 0 0
-1.8478058576583862 7.807452201843262 12.095398902893066 0.7747338747406713 -0.6283703955414376 0.07027139771203429 -0.3393815464522351 -0.5070356906997558 -0.7922972764589761 0 0 0 0 0 0
-1.7040971517562866 7.745766639709473 11.581372261047363 0.3147605245728945 -0.8549391838702172 0.41231638829171374 -0.3393779803683414 -0.5070498958459548 -0.7922897131502542 0 0 0 0 0 0
-1.4886366128921509 7.489198684692383 11.161320686340332 -0.26480834386799107 -0.7567068134465842 0.5977217910545073 -0.3393974225990627 -0.5070503066363081 -0.7922811218709803 0 0 0 0 0 0
-1.3335387706756592 7.060144424438477 10.877530097961426 -0.7437659552020596 -0.37100694345348256 0.5560270243357531 -0.33937045180746794 -0.5070568634104036 -0.7922884788436585 0 0 0 0 0 0
-1.3479832410812378 6.546512126922607 10.720484733581543 -0.9401605128169512 0.15566594149409346 0.30309458061556427 -0.3393770063809871 -0.5070599151108286 -0.7922837181386972 0 0 0 0 0 0
-1.5767393112182617 6.068370342254639 10.632528305053711 -0.7793659036955316 0.6231906470762232 -0.06497850070266097 -0.3393815396563698 -0.5070428953961307 -0.7922926686324824 0 0 0 0 0 0
-1.9831501245498657 5.732284069061279 10.529757499694824 -0.3224833264862373 0.8539537276023852 -0.4083718100608347 -0.33937765946946924 -0.5070457071227932 -0.7922925312921812 0 0 0 0 0 0
-2.4630703926086426 5.590856075286865 10.333902359008789 0.2569199742761173 0.760286713178123 -0.596620684005144 -0.33938521785546116 -0.507046779480813 -0.7922886073391041 0 0 0 0 0 0
-2.8844265937805176 5.6227312088012695 10.002047538757324 0.738712749775046 0.37778149371400055 -0.5581976498759278 -0.33936741209111043 -0.5070603466699167 -0.7922875516159309 0 0 0 0 0 0
-0.9181169271469116 7.053414821624756 12.179728507995605 -0.7747464901143728 0.6283542859605711 -0.07027636423749449 0.33937210810561186 0.5070495863101999 0.7922924266093978 0 0 0 0 0 0
-0.6864492297172546 7.530221939086914 12.267291069030762 -0.9403890164376916 0.1630746507169347 0.29845461306017823 0.33938033199216155 0.5070379789323908 0.7922963323006402 0 0 0 0 0 0
-0.6691445112228394 8.044208526611328 12.422872543334961 -0.7487587400830757 -0.3642037966053222 0.5538194143287812 0.33937354775523504 0.5070611243591193 0.7922844257258191 0 0 0 0 0 0
-0.8225215673446655 8.475168228149414 12.704706192016602 -0.27266542748229555 -0.7530708478598118 0.5987803126018766 0.33935354141335594 0.5070844615562011 0.7922780590035743 0 0 0 0 0 0
-1.0380504131317139 8.734471321105957 13.123043060302734 0.3070112954722441 -0.8558630466497009 0.4162241101040956 0.33938822701614463 0.5070490087587223 0.7922858916323295 0 0 0 0 0 0
-1.1835983991622925 8.798674583435059 13.636247634887695 0.7700562005120086 -0.6334863692434661 0.07555440447611239 0.3393894910594934 0.5070504668695389 0.7922844169903638 0 0 0 0 0 0
-1.1536104679107666 8.718474388122559 14.16667652130127 0.9405421302724848 -0.17043350481766062 -0.29382464433410754 0.3393903475802027 0.5070531304896873 0.7922823453984049 0 0 0 0 0 0
-0.9092258810997009 8.59942626953125 14.630126953125 0.7536988037852758 0.35735909520512305 -0.5515728331297871 0.33939706579289275 0.5070483724472968 0.7922825125734648 0 0 0 0 0 0
-0.3969303071498871 8.524307250976562 14.95071029663086 0.12033944723598654 0.811944498967486 -0.571195717802029 0.33937304861011097 0.5070646383325887 0.7922823905841404 0 0 0 0 0 0
0.06321720033884048 8.708839416503906 15.127445220947266 -0.42610064661028396 0.8337766996853402 -0.35107642190856364 0.3393859441468274 0.5070491603282552 0.7922867725299837 0 0 0 0 0 0
0.4345174729824066 9.067230224609375 15.230976104736328 -0.824470360615936 0.5658342044615308 -0.00895977272115567 0.33938362206607997 0.50705737866072 0.7922825075811202 0 0 0 0 0 0
0.633905291557312 9.543595314025879 15.33264446258545 -0.936294993285889 0.1012855488718247 0.3362929127078211 0.33941076735575443 0.5070930449356413 0.7922480512950965 0 0 0 0 0 0
0.6380625367164612 10.041091918945312 15.504426002502441 -0.7227598455452909 -0.3984969437183325 0.5646400548265196 0.3393886316952079 0.5070520304791536 0.7922837844251404 0 0 0 0 0 0
0.4915100932121277 10.455488204956055 15.793947219848633 -0.2580526012386178 -0.7597831236542713 0.5967733740743978 0.33939492253225256 0.5070353368948824 0.7922917730856602 0 0 0 0 0 0
0.2911488115787506 10.711458206176758 16.207895278930664 0.2963576006244366 -0.8570153566950077 0.42154104300892886 0.3393745405988916 0.5070587087687615 0.7922855464130643 0 0 0 0 0 0
0.1525813192129135 10.788740158081055 16.709741592407227 0.7477502785875695 -0.6564410921429672 0.09977280901308194 0.33940969864582116 0.5070400719504744 0.7922824129700284 0 0 0 0 0 0
0.16993872821331024 10.729138374328613 17.232397079467773 0.9392987451241646 -0.2277273453713228 -0.2566283764089623 0.3393934461414606 0.5070560188307203 0.7922791695379627 0 0 0 0 0 0
0.38315054774284363 10.622057914733887 17.70154571533203 0.8044161691473832 0.2801410016719111 -0.5238660573052114 0.3393786644768038 0.5070602692067696 0.7922827812655654 0 0 0 0 0 0
0.7640940546989441 10.573389053344727 18.06145477294922 0.3899747905633489 0.6906325584312601 -0.6090536363570652 0.339379938679895 0.5070606625830021 0.7922819836917395 0 0 0 0 0 0
1.226354718208313 10.668724060058594 18.294368743896484 -0.15999211547403172 0.8611265913958607 -0.48255933995425926 0.33939953909668846 0.5070408752804532 0.7922862510833996 0 0 0 0 0 0
1.6552550792694092 10.94361686706543 18.426660537719727 -0.6543488763943125 0.7323580968542626 -0.18835914082810828 0.3394431990938651 0.5070521541853996 0.79226032812761 0 0 0 0 0 0
1.9477125406265259 11.371214866638184 18.519681930541992 -0.921319296102063 0.3490659827724309 0.17124162549192384 0.339365810624327 0.5070353999907087 0.7923042027753958 0 0 0 0 0 0
2.0480687618255615 11.871603965759277 18.648405075073242 -0.8680995627891448 -0.1555461191723393 0.471390023118564 0.3393886606000267 0.5070116601969457 0.7923096070858014 0 0 0 0 0 0
1.9674111604690552 12.33954906463623 18.875415802001953 -0.5132172698881254 -0.6060586466924777 0.6077013663452318 0.33939824424329146 0.5070330633534011 0.7922918051267709 0 0 0 0 0 0
1.8999838829040527 12.661559104919434 19.311033248901367 -0.09390266887197345 -0.822234566305077 0.5613489171200228 0.33897702856242967 0.5037462842687536 0.7945654505403631 0 0 0 0 0 0
2.0657191276550293 13.461012840270996 19.704416275024414 0.16683266664852184 -0.0720447518341847 0.9833495894503104 0.23187635621562894 0.9722223955677414 0.031889951155263226 0 0 0 0 0 0
1.8644495010375977 13.838825225830078 19.8504638671875 0.652361312855075 -0.07038591141594061 0.7546327192509945 0.16345528367519385 0.9853130944605485 -0.04940117532245808 0 0 0 0 0 0
1.7460299730300903 14.268105506896973 20.131025314331055 0.9559019907368238 -0.14578241694528493 0.2549487615482141 0.1634372287633263 0.9853174166429303 -0.04937469710556755 0 0 0 0 0 0
1.8269296884536743 14.666991233825684 20.464750289916992 0.9272439990482332 -0.1705377442047617 -0.3333698307144656 0.16345572731074048 0.9853128953126974 -0.04940367941587337 0 0 0 0 0 0
2.1011757850646973 15.030317306518555 20.728961944580078 0.5763510087276502 -0.1359978168341193 -0.8058064957264701 0.16345666528983435 0.9853138401076676 -0.04938172804397292 0 0 0 0 0 0
2.4956002235412598 15.365285873413086 20.825149536132812 0.025160687468294873 -0.05422911366117378 -0.9982114721028037 0.16343540301357862 0.9853159981665702 -0.049409035598810394 0 0 0 0 0 0
2.8952677249908447 15.688943862915039 20.71320152282715 -0.534766061687784 0.04640815431643818 -0.8437248025747963 0.16346374810549408 0.98531125098238 -0.04940993566926733 0 0 0 0 0 0
3.183434009552002 16.022279739379883 20.425329208374023 -0.908864542364291 0.1309055619730324 -0.3960163853648896 0.1634318242712264 0.9853182418537324 -0.0493761185761783 0 0 0 0 0 0
3.28208589553833 16.382909774780273 20.054882049560547 -0.967104251393847 0.16993372791242367 0.18929314581815465 0.16345596376217011 0.9853110427673863 -0.04943983122165721 0 0 0 0 0 0
3.1790807247161865 16.77897834777832 19.723901748657227 -0.6892514059633775 0.1498800999491745 0.7088500934730365 0.16346294124973076 0.9853122758497525 -0.04939216433573815 0 0 0 0 0 0
2.932361364364624 17.206296920776367 19.540727615356445 -0.17187196686310996 0.07774757368538911 0.9820465069397889 0.16347902396379932 0.9853094770564701 -0.049394768412749465 0 0 0 0 0 0
2.6498000621795654 17.649816513061523 19.562328338623047 0.4052392790669875 -0.02137688308714672 0.913960696950775 0.16340272033249453 0.9853216283686521 -0.049404854588274386 0 0 0 0 0 0
2.45173978805542 18.088886260986328 19.77450180053711 0.8415192442132653 -0.11312589008934841 0.528249841088691 0.16347347079728733 0.9853095178713838 -0.04941232981301185 0 0 0 0 0 0
2.429143190383911 18.504365921020508 20.096817016601562 0.9853523913678414 -0.1655135433597533 -0.04106009973411413 0.1634481478176128 0.9853138545948438 -0.0494096237431827 0 0 0 0 0 0
2.612010955810547 18.885330200195312 20.410585403442383 0.7867571837514167 -0.16039341368825105 -0.596059633477196 0.16346177969033518 0.985313113593202 -0.049379294868785215 0 0 0 0 0 0
2.958927869796753 19.232852935791016 20.60004997253418 0.31475396272586265 -0.09951789784230555 -0.9439418048573837 0.16346201367824492 0.9853133499849047 -0.049373803031345094 0 0 0 0 0 0
3.3714733123779297 19.559627532958984 20.59271240234375 -0.2666495281661874 -0.004095936638155191 -0.9637848579593922 0.16343266771694867 0.9853166933725044 -0.049404219297500336 0 0 0 0 0 0
3.73897123336792 19.88312339782715 20.371408462524414 -0.7729479031138351 0.0968167472874174 -0.6270391188088745 0.1634973031731524 0.9853057767775374 -0.049408077314542984 0 0 0 0 0 0
3.930274724960327 20.22869873046875 20.007164001464844 -0.9855944713178789 0.16091961120270865 -0.05204245226735302 0.16348078522414886 0.9853096837804812 -0.049384814578004345 0 0 0 0 0 0
3.8969149589538574 20.610946655273438 19.631065368652344 -0.8238029834173293 0.16388870116389015 0.5426685343223067 0.1634768292046062 0.9853095259593061 -0.04940105633542574 0 0 0 0 0 0
3.6757664680480957 21.030559539794922 19.378664016723633 -0.3490044124876169 0.10460184542198747 0.9312649322284653 0.16347731113205863 0.9853091562401514 -0.04940683529991872 0 0 0 0 0 0
3.37506365776062 21.47402000427246 19.33854866027832 0.25835181484975933 0.005564695030563151 0.9660348720067266 0.1634900473150702 0.9853074499447831 -0.04939871974277313 0 0 0 0 0 0
3.1332504749298096 21.91874122619629 19.518638610839844 0.7675698847305806 -0.0955728111651205 0.6337998973025156 0.16346516348550338 0.9853121335669492 -0.04938764797400524 0 0 0 0 0 0
3.0664005279541016 22.341676712036133 19.84319496154785 0.9851789300618456 -0.16040305472509037 0.06077282120370037 0.16347072545971314 0.9853116293451292 -0.04937929722993375 0 0 0 0 0 0
3.224125623703003 22.728050231933594 20.181617736816406 0.8285024212943655 -0.1642977592378666 -0.5353409980739285 0.16347036771594067 0.9853103842575329 -0.04940531907687821 0 0 0 0 0 0
3.5707108974456787 23.076967239379883 20.397998809814453 0.35705524850624576 -0.10576394760028822 -0.9280762559736923 0.1634867611498886 0.985308506606367 -0.049388518279556794 0 0 0 0 0 0
3.998682737350464 23.401775360107422 20.40283203125 -0.2500338610692257 -0.007052374655345963 -0.9682114089033117 0.16347635241149444 0.9853099813821726 -0.04939355009407268 0 0 0 0 0 0
4.369661808013916 23.724977493286133 20.186952590942383 -0.7621449070699812 0.09433871562333716 -0.6404961727924913 0.16345927210302907 0.9853135934823729 -0.04937802003321917 0 0 0 0 0 0
4.566911220550537 24.069679260253906 19.8250789642334 -0.9846872686435412 0.1598982978690353 -0.0694515464903975 0.16348418525037942 0.9853077380545296 -0.04941237196174851 0 0 0 0 0 0
4.539703369140625 24.450836181640625 19.447364807128906 -0.8331492896861649 0.1646867290583129 0.5279588453350437 0.16348432948219813 0.9853102797871575 -0.04936118474580648 0 0 0 0 0 0
4.322577953338623 24.86952781677246 19.19000244140625 -0.36505957218123697 0.10693927938568626 0.9248218743538251 0.16348183059189283 0.9853086736529085 -0.04940150494336923 0 0 0 0 0 0
4.022235870361328 25.312597274780273 19.143447875976562 0.2416919973199557 0.00852095150576843 0.9703156042324202 0.1635216375689029 0.985302970167194 -0.04938350966152718 0 0 0 0 0 0
3.7769885063171387 25.75762176513672 19.318082809448242 0.7566294018629951 -0.09311166112457019 0.6471801656409671 0.16351237762604554 0.9853033439381478 -0.04940670791888112 0 0 0 0 0 0
4.218327045440674 22.530887603759766 19.53920555114746 -0.8285056871212836 0.1643047118830042 0.53533380993613 -0.16349047748051015 -0.9853080195328354 0.04938593339683418 0 0 0 0 0 0
4.248615264892578 22.14918327331543 19.916126251220703 -0.9851786071658811 0.1604085469101745 -0.0607635586586312 -0.163476421346574 -0.9853099655014635 0.04939363873235249 0 0 0 0 0 0
4.054336071014404 21.804040908813477 20.279197692871094 -0.7675673792006911 0.0955858393709908 -0.6338009669436659 -0.16347965368067052 -0.9853098846721094 0.049384552239367566 0 0 0 0 0 0
3.6850833892822266 21.48069953918457 20.497783660888672 -0.25835472382257735 -0.0055838185246270084 -0.966033983692729 -0.16351361401379066 -0.9853022196034618 0.04942503491795296 0 0 0 0 0 0
3.256941795349121 21.156082153320312 20.49618148803711 0.34902129660655473 -0.10461161912326389 -0.9312575066325578 -0.16351566202875198 -0.9853031573235831 0.04939955910205757 0 0 0 0 0 0
2.9083566665649414 20.807613372802734 20.282285690307617 0.8238007293217423 -0.16388395867801528 -0.5426733883810667 -0.16346451592553532 -0.9853110286728658 0.04941182863292703 0 0 0 0 0 0
2.7475597858428955 20.421796798706055 19.944686889648438 0.9855941006654535 -0.16091283599100556 0.05207041335333908 -0.163476642480491 -0.9853091856076204 0.04940846203388491 0 0 0 0 0 0
2.8114330768585205 19.999300003051758 19.618968963623047 0.7729542395584806 -0.09682238402851924 0.6270304374586652 -0.16347130745875085 -0.9853120719029833 0.04936853856432347 0 0 0 0 0 0
3.1528842449188232 19.536968231201172 19.417652130126953 0.09766460647298493 0.03367506626364209 0.9946494933164226 -0.16347273869272375 -0.9853097440627164 0.0494102414420832 0 0 0 0 0 0
3.4311671257019043 19.0998592376709 19.50993537902832 -0.47232404527157107 0.1221317238227709 0.8729225843649466 -0.1634732973433079 -0.9853100003953849 0.04940328103024574 0 0 0 0 0 0
3.610966205596924 18.688217163085938 19.784244537353516 -0.8781592277157403 0.16814194263372914 0.4478444572673087 -0.16346703464423787 -0.9853113644778532 0.049396797623033395 0 0 0 0 0 0
3.607653856277466 18.311620712280273 20.15192222595215 -0.9788208489979628 0.1557402471300291 -0.13287106905110868 -0.16347020741185345 -0.9853140073715905 0.049333539970927015 0 0 0 0 0 0
3.4002463817596436 17.967514038085938 20.491897583007812 -0.7393337880453343 0.08917434255083222 -0.6674080359758666 -0.16343857796506067 -0.9853158636091365 0.04940121610791183 0 0 0 0 0 0
3.038677453994751 17.64198875427246 20.692718505859375 -0.24289623784818756 -0.008368374352515848 -0.9700161792206833 -0.16344092591043638 -0.9853141979041848 0.04942666432172245 0 0 0 0 0 0
2.6264636516571045 17.314729690551758 20.691267013549805 0.3379529288148322 -0.10297260809577968 -0.9355129394548372 -0.16346989128647085 -0.9853107007918781 0.049400582464253696 0 0 0 0 0 0
2.2847142219543457 16.965991973876953 20.49474334716797 0.8013605036871534 -0.16180549305253303 -0.5758822149956522 -0.16345246544637448 -0.9853139449882965 0.0493935355193575 0 0 0 0 0 0
2.110062599182129 16.583518981933594 20.178152084350586 0.986257953499828 -0.16442192284092216 -0.016145601494674394 -0.16345573137889094 -0.9853131546888455 0.04939849265420321 0 0 0 0 0 0
2.1410601139068604 16.166757583618164 19.858186721801758 0.828418929171748 -0.10989684419008774 0.5492219600735152 -0.16345459874006837 -0.9853137740987242 0.04938988481512915 0 0 0 0 0 0
2.3447914123535156 15.727093696594238 19.652740478515625 0.3826905998952306 -0.017173244395578824 0.9237169395592777 -0.1634547838790596 -0.9853132380667414 0.04939996475183726 0 0 0 0 0 0
2.6283202171325684 15.283842086791992 19.63990020751953 -0.1960349120316215 0.08152608989725062 0.97720203127645 -0.16346576808113478 -0.9853109128327932 0.049409996136942406 0 0 0 0 0 0
2.8709723949432373 14.85759162902832 19.830825805664062 -0.7066393276015639 0.15186085016429304 0.6910854815970219 -0.1634184642904889 -0.985318264241775 0.049419871312193754 0 0 0 0 0 0
2.966276168823242 14.462996482849121 20.165847778320312 -0.9716568503702326 0.16946312497620591 0.16481873195088656 -0.16347054612142423 -0.9853122131643934 0.04936824019395656 0 0 0 0 0 0
2.8589835166931152 14.10374641418457 20.535236358642578 -0.8990157007582804 0.1281282788367859 -0.4187528076949703 -0.1634433773346036 -0.985314515306072 0.04941222857369343 0 0 0 0 0 0
2.564229965209961 13.771209716796875 20.817312240600586 -0.5139286676842627 0.04231205820896075 -0.8567887804251407 -0.16345790990989753 -0.9853133200357703 0.04938798485436883 0 0 0 0 0 0
2.162313222885132 13.44749927520752 20.920732498168945 0.049745000037804354 -0.05823938631503395 -0.9970624899437784 -0.16344539153242912 -0.9853148619981925 0.04939865091572619 0 0 0 0 0 0
2.0221571922302246 12.517255783081055 21.300487518310547 0.3962582909432091 -0.765323747006413 -0.5072069884443935 0.16603909409257542 -0.48358752762390217 0.8594033525414705 0 0 0 0 0 0
1.8229764699935913 12.10542106628418 21.56075096130371 0.8360857768945154 -0.3930771085163377 -0.38268911721543647 0.16599408367262788 -0.4836124417227902 0.8593980279222228 0 0 0 0 0 0
1.7981277704238892 11.611615180969238 21.741212844848633 0.9853500794313559 0.1157895694749964 -0.1252118068131586 0.16603535849313322 -0.4836101421916123 0.8593913486296366 0 0 0 0 0 0
1.9787427186965942 11.141959190368652 21.895578384399414 0.7921834635561881 0.5844141064326479 0.17579963671933865 0.16603103096097538 -0.4835798232916927 0.8594092455071747 0 0 0 0 0 0
2.3245368003845215 10.79416275024414 22.086589813232422 0.3237200234502595 0.8499384375492663 0.4157042203221847 0.16603927729995166 -0.4835766377554226 0.8594094447996664 0 0 0 0 0 0
2.737830877304077 10.62358283996582 22.364282608032227 -0.25723446709438286 0.8200846956716107 0.511166822929531 0.16605813173427067 -0.48358571817766455 0.8594006923778432 0 0 0 0 0 0
3.0974864959716797 10.624003410339355 22.748559951782227 -0.7488042621174287 0.5052439616317447 0.428976358636969 0.16605899483551453 -0.48356972746694477 0.8594095234006681 0 0 0 0 0 0
3.301006555557251 10.729776382446289 23.222286224365234 -0.9801492660277099 0.01481536289303348 0.1977066547379962 0.16604394063580732 -0.4835653600968235 0.8594148894989904 0 0 0 0 0 0
3.3001513481140137 10.838638305664062 23.73724365234375 -0.8708622898689379 -0.48076858841199155 -0.10227627525761276 0.1660366628212482 -0.483583807231143 0.8594059157249361 0 0 0 0 0 0
3.117706775665283 10.847249031066895 24.230863571166992 -0.4589364939602109 -0.8092692950528733 -0.36668856349242046 0.16605947988441855 -0.4835778332778393 0.85940486867531 0 0 0 0 0 0
2.8395705223083496 10.687119483947754 24.648019790649414 0.11248748393658103 -0.8565306859245515 -0.5036881475945556 0.1660187634924643 -0.4835793441862365 0.8594118849799802 0 0 0 0 0 0
2.5848867893218994 10.348398208618164 24.96015167236328 0.6448185776132793 -0.606119246767059 -0.465648430324124 0.16603687734717296 -0.48359288444482434 0.8594007665083473 0 0 0 0 0 0
2.46465802192688 9.883285522460938 25.175193786621094 0.9530524796916943 -0.14508308450970694 -0.2657853824849325 0.16605384371201565 -0.4835797000297757 0.859404907309458 0 0 0 0 0 0
2.5431509017944336 9.38792896270752 25.334810256958008 0.9300889896872043 0.36638007097839603 0.02645968352986731 0.16604345014128744 -0.48358194247075154 0.8594056536824695 0 0 0 0 0 0
2.8155808448791504 8.96895980834961 25.499940872192383 0.5838919526198793 0.7505071415448625 0.3095306417075768 0.16605360089400292 -0.4836224278233146 0.859380910269956 0 0 0 0 0 0
3.209768295288086 8.706490516662598 25.729625701904297 0.03477400386785954 0.8738270090403203 0.4849918833616145 0.16604402895273657 -0.48359220258176183 0.8593997684728937 0 0 0 0 0 0
3.611196756362915 8.626216888427734 26.060420989990234 -0.5263963254140822 0.6934727120284065 0.491937502394886 0.16606702711243138 -0.4835857308182278 0.859398966403288 0 0 0 0 0 0
3.862727642059326 8.619499206542969 26.461578369140625 -0.8377727538830826 0.3905193859637591 0.38161685240256915 0.16605690167800133 -0.48357635405074645 0.8594061991910984 0 0 0 0 0 0
4.014963626861572 8.751118659973145 26.959766387939453 -0.9836413879387814 -0.14298442519303342 0.10956766898170886 0.16602548074383142 -0.4835990784459341 0.8593994828192668 0 0 0 0 0 0
3.94297456741333 8.85014820098877 27.482927322387695 -0.7558109873670132 -0.6221703152397308 -0.20409274903777064 0.16603724544982001 -0.4836106418231889 0.8593907029045635 0 0 0 0 0 0
3.6987032890319824 8.807351112365723 27.959562301635742 -0.24083148664051196 -0.8649987214029924 -0.44020155271614975 0.16603043662353367 -0.4835823063341827 0.8594079631438793 0 0 0 0 0 0
3.3995344638824463 8.5673828125 28.335859298706055 0.36563629369224604 -0.7791740585591789 -0.509114807487874 0.16608062457341946 -0.4835940271013875 0.8593916703652449 0 0 0 0 0 0
3.183708906173706 8.149798393249512 28.596101760864258 0.833191655768682 -0.397351584083485 -0.38458208926546106 0.1660683182986667 -0.48356790729169635 0.8594087459963288 0 0 0 0 0 0
3.157816171646118 7.641631603240967 28.7686824798584 0.984213838234371 0.1354408550349699 -0.11392495519140623 0.16602795402162696 -0.48361231324180837 0.8593915574197244 0 0 0 0 0 0
3.356276512145996 7.164343357086182 28.915300369262695 0.7613092681058256 0.6167767487813249 0.19998660069842317 0.16603299635454938 -0.4835961749679531 0.8593996646950097 0 0 0 0 0 0
3.7282750606536865 6.8276519775390625 29.10749626159668 0.2491636219684777 0.8637965483928025 0.4379189565116247 0.16600300086374445 -0.48358099238634056 0.8594140023916726 0 0 0 0 0 0
4.157071590423584 6.687861919403076 29.39951515197754 -0.3576293976539257 0.7826314746538854 0.5094989586002849 0.1660519359430046 -0.4835949858191434 0.8593966745689461 0 0 0 0 0 0
4.5043439865112305 6.726474761962891 29.80768585205078 -0.8285735170311929 0.404143154790381 0.3874715954888018 0.16600266905955807 -0.4836085992245567 0.8593985318937689 0 0 0 0 0 0
4.662744998931885 6.857207298278809 30.304168701171875 -0.9847127400764516 -0.12789694004438332 0.11825054866007985 0.16601319622449243 -0.4835946129620602 0.8594043687306945 0 0 0 0 0 0
4.596678256988525 6.958784103393555 30.827619552612305 -0.7667482844293492 -0.6113377402958574 -0.195865350724942 0.1660399896801963 -0.4835915135179598 0.8594009366299348 0 0 0 0 0 0
4.355834007263184 6.921008110046387 31.30642318725586 -0.2574890967465522 -0.8625214180964497 -0.435610110513443 0.16604922778861528 -0.4836012522967437 0.859393671566079 0 0 0 0 0 0
4.056295871734619 6.6866254806518555 31.68593406677246 0.3495975939866339 -0.7860217902920177 -0.5098541629376857 0.1660791950220867 -0.48358305857265105 0.8593981187100282 0 0 0 0 0 0
3.8364527225494385 6.273065090179443 31.949209213256836 0.8238690849299736 -0.410905460858077 -0.39037985748967535 0.16601876867632986 -0.48360148986400614 0.8593994225321011 0 0 0 0 0 0
