t = 50000000
b = 120 120 120
E = -1.16955642929967 -1.49525980969643 0.32570338039676
-31.7015914916992 -35.5737686157227 37.708324432373 0.0947914438831511 -0.24617115272361 0.964579880431516 -0.361777479759987 -0.91121271466966 -0.196998588225555 0.0481266416609287 0.151434123516083 -0.372709184885025 0.692967176437378 -0.130874961614609 0.197195038199425
-31.5611953735352 -36.0443725585938 37.639705657959 -0.563284081877752 0.0826205575028226 0.822122184703138 -0.394380851411941 -0.901216806468033 -0.179644125367774 0.393891572952271 0.421862572431564 0.330126345157623 0.173861518502235 -0.0258390214294195 -0.0439155027270317
-31.6039428710938 -36.5599517822266 37.7281875610352 -0.834552062423966 0.318693234143841 0.449396793062482 -0.405886219031655 -0.907233628575317 -0.110378985238367 0.417250603437424 0.122148104012012 0.30184867978096 -0.39504012465477 0.421376615762711 0.196932733058929
-31.7875061035156 -37.0188369750977 37.9840469360352 -0.799015748291244 0.574898660842236 -0.176253691434779 -0.563196073650719 -0.81819561400265 -0.115611936456577 0.470596253871918 -0.356710731983185 0.727907121181488 -0.429616659879684 -0.447368144989014 0.288193732500076
-32.1517028808594 -37.3761520385742 38.1720809936523 -0.466992614077807 0.545343252864325 -0.696073728100791 -0.627728823842089 -0.758872752451457 -0.173403198657282 0.204701378941536 0.0908853933215141 0.420355081558228 0.162149488925934 0.117062658071518 0.035048171877861
-32.6905517578125 -37.441291809082 38.1960487365723 0.014846321018393 0.245445934995022 -0.969296590186223 -0.609747952028097 -0.7660721601935 -0.203324569036813 -0.52845960855484 0.0194961428642273 -0.497125774621964 0.162507072091103 0.360567063093185 -0.0621589049696922
-33.187370300293 -37.6774978637695 38.0843162536621 0.449125327205706 0.143444408602004 -0.881878757031367 -0.648916697952645 -0.626102666899079 -0.432322298314691 0.0132081601768732 0.250295400619507 0.655522525310516 0.355931520462036 -0.331619620323181 -0.238276839256287
-33.6344909667969 -37.7706832885742 37.7358436584473 0.784239518084842 -0.350930797770988 -0.511679541754283 -0.568434812462703 -0.736928883934489 -0.365810994918905 -0.143362864851952 0.00425265589728951 -0.690443098545074 0.0287837535142899 -0.196271896362305 0.215055927634239
-33.8888778686523 -38.0179748535156 37.3045120239258 0.87897274219882 -0.460611687160558 0.123465752832886 -0.346779541857584 -0.795112594528614 -0.497533829373461 -0.163494944572449 -0.0569000616669655 -0.203613102436066 -0.0433739200234413 -0.336985975503922 -0.469882071018219
-33.8596878051758 -38.2688293457031 36.8247604370117 0.591507432010982 -0.607525261611108 0.530124527238768 -0.189184583175854 -0.743696713046777 -0.641189825630443 0.319281578063965 0.247196227312088 -0.245048552751541 -0.522595942020416 0.311615735292435 0.0228424165397882
-33.7835464477539 -38.576286315918 36.3918685913086 0.137434642882607 -0.623975419479901 0.769263540550709 0.101597173722945 -0.763656688844376 -0.637578603683306 -0.00453819008544087 -0.30036336183548 -0.170704081654549 -0.314067333936691 -0.176810085773468 0.060136716812849
-33.5554046630859 -38.93896484375 36.0909843444824 -0.206925825856309 -0.608749123530495 0.765902217776224 0.220577656561169 -0.791717947956448 -0.569673756030251 -0.535252630710602 -0.0288542397320271 0.656066715717316 -0.455664664506912 0.136018067598343 -0.0578055158257484
-33.2463150024414 -39.3595199584961 36.0022392272949 -0.740083449765634 -0.481791966028694 0.469204634304909 0.321585927522005 -0.866282165530986 -0.382279610890715 -0.440148293972015 0.0968488529324532 -0.516863822937012 0.107616551220417 0.428596705198288 0.272792786359787
-33.0624084472656 -39.8973693847656 36.0501747131348 -0.993871053057918 -0.0576720875748856 -0.0943093855790574 0.0802112144701561 -0.963281321891613 -0.256232815946688 -0.108663529157639 -0.247464284300804 -0.335757374763489 -0.257239013910294 -0.0158666502684355 -0.019920963793993
-33.1123962402344 -40.45166015625 36.0371894836426 -0.876226417663183 0.24249496921304 -0.416441418323769 -0.0667112059394051 -0.916884424785437 -0.393538519827461 0.0950364544987679 -0.0667802169919014 -0.477080374956131 0.342474460601807 -0.165829852223396 -0.490943342447281
-33.3564529418945 -40.947265625 36.0746078491211 -0.491591325452096 0.48533868431693 -0.723038263334495 -0.1873444534146 -0.869790789121412 -0.4564712903725 -0.115258596837521 0.792376816272736 0.0443655923008919 -0.154446735978127 -0.0760895907878876 -0.389317482709885
-33.6556549072266 -41.2882232666016 35.9707336425781 0.197031122545907 0.445271622614414 -0.873448292025708 -0.232279992230444 -0.844345122081345 -0.482832600418472 0.09902273863554 -0.0125095825642347 -0.354141473770142 0.0559264160692692 0.460185289382935 -0.232130527496338
-34.0426559448242 -41.609001159668 35.7776908874512 0.620362860002908 0.244578755632791 -0.745205444305211 -0.32372927138038 -0.785575458859778 -0.527323958576487 0.120123125612736 -0.26181697845459 0.524807333946228 0.0417141057550907 -0.288513988256454 0.0601706691086292
-34.3214416503906 -41.9005889892578 35.4387359619141 0.919709929309618 0.147002115378194 -0.364038492475225 -0.158373879801936 -0.709540909515715 -0.686636302506715 -0.030349038541317 0.020264346152544 -0.369291394948959 -0.167954996228218 -0.077544592320919 0.0327437855303288
-34.4057083129883 -42.0844192504883 34.9311370849609 0.96510493537188 -0.188117691973355 0.182165303193165 -0.0507595429798358 -0.816847343610743 -0.574616294611066 -0.388318061828613 -0.314020425081253 0.265038311481476 -0.348039418458939 -0.127149298787117 0.131360918283463
-34.2240142822266 -42.4765625 34.4654731750488 0.657739326702587 -0.210700853689142 0.723176415795962 0.0799369335291339 -0.935133720382178 -0.345159400367635 -0.0734553784132004 -0.192443713545799 -0.407637983560562 0.342987596988678 0.615958094596863 0.491919308900833
-33.9418869018555 -42.8821792602539 34.1893310546875 0.152970343261375 -0.318815731004155 0.935391150132811 0.218233027886825 -0.912264884241705 -0.346622455300888 -0.215043008327484 -0.0152359288185835 -0.626153588294983 -0.462510138750076 -0.353383183479309 0.725777685642242
-33.6153335571289 -43.2925186157227 34.125602722168 -0.251017655642343 -0.245212320052767 0.93640859385749 0.0603252172998419 -0.969464194065767 -0.237697380259312 -0.204616412520409 -0.349266171455383 -0.29191255569458 -0.139508575201035 -0.17122083902359 0.325595676898956
-33.3690490722656 -43.6844711303711 34.1275863647461 -0.826983603162831 -0.0707872822548847 0.55775198858524 -0.0588687481986913 -0.975686937060757 -0.211114829736134 0.183039277791977 -0.429172873497009 0.14188414812088 -0.617959856987 -0.305894762277603 0.0986124351620674
-33.322998046875 -44.0791854858398 34.3017578125 -0.869447102717799 0.125819597144643 -0.47773545456663 0.0555915445283744 -0.935965600223985 -0.347675100308183 -0.514185965061188 -0.200610846281052 -0.323772698640823 0.165715292096138 0.203205317258835 0.273327589035034
-33.4936599731445 -44.525260925293 34.5027732849121 -0.20275223123529 0.174670536498021 -0.963525680201937 0.191459912594949 -0.95790037469593 -0.213939183008937 0.292155504226685 -0.248623341321945 0.0845246911048889 0.0296155344694853 0.247053474187851 0.180990964174271
-33.9480667114258 -45.2320709228516 34.6461715698242 -0.790216080300918 -0.0478765753963782 -0.610955301116348 0.385647369139744 -0.81364359075987 -0.435040473853846 0.344049602746964 0.0886740684509277 -0.00159374403301626 -0.2858926653862 0.233085468411446 -0.0315335616469383
-34.0022964477539 -45.7372436523438 34.5939140319824 -0.216422144415208 0.380314906040177 -0.899178529353528 0.480254543934832 -0.760397610559059 -0.437208242015199 0.55932229757309 -0.0793018788099289 0.46218940615654 0.280533969402313 0.00235517951659858 -0.650777399539948
-33.9591674804688 -46.1948013305664 34.3348274230957 0.108262706507353 0.639831851274166 -0.760851094810789 0.333192064755722 -0.744436055107788 -0.578617324178401 0.451242119073868 -0.502295017242432 0.182271733880043 0.00622232025489211 -0.539176225662231 -0.181056648492813
-34.0183486938477 -46.5434722900391 33.8205909729004 0.493629810221128 0.805229185421169 -0.32853549185288 0.499821040322988 -0.571825044320385 -0.650534431324305 0.407736510038376 0.457584410905838 0.184538662433624 -0.486313968896866 -0.403421580791473 0.249788895249367
-33.9468536376953 -46.7170181274414 33.329174041748 0.763680629878546 0.643429855490246 0.0528196612267403 0.462635539936711 -0.488357345398692 -0.739915846824901 -0.206835329532623 0.0813788920640945 0.0309339128434658 0.335533320903778 0.30249485373497 -0.466621220111847
-33.7703170776367 -46.6413497924805 32.8486709594727 0.856887283190838 0.0399171783338878 0.513956031951844 0.505425954943631 -0.2612297862192 -0.822376801023223 0.604507148265839 -0.105132088065147 -0.238729193806648 -0.714288830757141 -0.156390771269798 -0.231247991323471
-33.4197616577148 -46.5978546142578 32.4059677124023 0.640240868172493 -0.169892451378113 0.749151643985694 0.740429970121867 -0.123247295407568 -0.66073713647717 0.195720911026001 0.334436327219009 0.16910320520401 -0.03440011292696 0.231711745262146 -0.18205226957798
-32.936897277832 -46.4025344848633 32.1708755493164 0.200460296087244 -0.74102439555267 0.640857640110825 0.825434716840935 -0.224594336602033 -0.517894692191393 0.161204218864441 0.0613957606256008 -0.335984617471695 -0.0573247075080872 0.430368155241013 0.163459897041321
-32.3947982788086 -46.4503936767578 32.1557464599609 -0.316055318766196 -0.923389713615463 0.217854245468734 0.755669730996803 -0.383851320895487 -0.530680149527009 0.177295058965683 -0.0173732358962297 -0.162974089384079 0.192292064428329 0.155068919062614 0.373588383197784
-31.9100189208984 -46.680290222168 32.2890815734863 -0.566435385179746 -0.743482657648992 -0.355505966463945 0.81513973050771 -0.441998416312482 -0.374412365881625 -0.374998718500137 -0.138410732150078 -0.134291931986809 0.185237646102905 -0.157678440213203 -0.198486968874931
-31.496711730957 -47.0412292480469 32.1076698303223 -0.775994974907468 -0.466451065415477 -0.42456472120411 0.627878161562277 -0.635308319921967 -0.449613559483143 -0.0672436952590942 -0.223925232887268 -0.0801809802651405 -0.132213428616524 -0.0452988855540752 -0.206626743078232
-31.3751068115234 -47.5664443969727 32.1701812744141 -0.505059667775025 0.00797014371464605 -0.863047628347445 0.580214770679737 -0.737150669021064 -0.346352004537086 0.0427714847028255 -0.598866999149323 0.144616693258286 0.208014756441116 -0.235784500837326 0.0970758348703384
-31.4081497192383 -48.0587005615234 32.0149421691895 0.0917635761660713 0.540509082402811 -0.836318945097673 0.662311674679873 -0.660286499914156 -0.354069179135738 0.649740874767303 0.160002008080482 0.224593266844749 -0.382699191570282 -0.161376371979713 0.140834033489227
-31.1963882446289 -48.4429702758789 31.7084884643555 0.221407774735231 0.800360360060478 -0.557137228455122 0.698873932845565 -0.528677496314863 -0.481741975417569 0.23951144516468 -0.634445607662201 0.418668985366821 0.0507719442248344 -0.221981287002563 -0.190199464559555
-30.9930267333984 -48.6663970947266 31.2173137664795 0.390854827644326 0.919189813407609 0.0481932633757959 0.810115405091517 -0.318673819631211 -0.49209757885511 0.327625602483749 -0.501193344593048 0.366848200559616 0.601357281208038 0.242525547742844 -0.273797482252121
-30.7605819702148 -48.6634979248047 30.7199001312256 0.515007642158792 0.64513485899929 0.564418410598032 0.846100133523607 -0.277038977968606 -0.455372340769006 0.0889918431639671 -0.553480207920074 0.536958515644073 0.176429897546768 -0.0264984276145697 0.0636537373065948
-30.3564071655273 -48.5007858276367 30.4110622406006 0.42317130593499 0.0939411833682313 0.901166521737604 0.893839565702429 -0.206020174672811 -0.398254338849782 -0.423940718173981 -0.570508003234863 0.537156462669373 -0.117855854332447 0.379467874765396 -0.420868098735809
-29.9133682250977 -48.3220062255859 30.3209953308105 0.181222360047212 -0.529138476342563 0.828957736602289 0.808994506091495 -0.399069796841985 -0.431591457703086 -0.179081037640572 -0.150532305240631 0.013073343783617 -0.49147492647171 0.255455195903778 0.158266231417656
-29.3824234008789 -48.3710861206055 30.3363552093506 -0.145861725734953 -0.792485624754475 0.592191600348343 0.87872092933288 -0.378786650552528 -0.290465491436687 0.0334773287177086 -0.262977510690689 -0.395431756973267 -0.119749285280704 -0.191071718931198 -0.337379425764084
-28.8352432250977 -48.3953018188477 30.5381908416748 -0.48838996595971 -0.862431179774912 0.132995117586797 0.853103098360545 -0.5039435264243 -0.135114861294675 0.0588700771331787 -0.338557183742523 -0.193718671798706 -0.189563006162643 0.297956436872482 -0.0424106009304523
-28.4492645263672 -48.6391143798828 30.7884407043457 -0.456897542291204 -0.786625761871597 -0.415288510084479 0.835428571157871 -0.539797416960855 0.103333688289473 -0.226341381669044 0.0153353735804558 -0.00897467043250799 0.148456498980522 0.053910493850708 -0.120294541120529
-28.2013702392578 -48.9734344482422 30.9657287597656 -0.271400937188108 -0.498615677813195 -0.823239902538929 0.697200955654871 -0.691516770118288 0.188985142482435 -0.964730560779572 -0.0802114829421043 -0.258242249488831 0.265074521303177 -0.710301578044891 -0.126448184251785
-27.9912490844727 -49.5090637207031 31.1233768463135 -0.133862041418559 -0.146575775507583 -0.980100247883657 0.722964451148925 -0.690870060416458 0.00457842714187609 -0.0110440468415618 -0.0384211353957653 0.266253232955933 0.362242430448532 -0.0655975490808487 -0.69275313615799
-27.9318084716797 -49.9834747314453 30.9899673461914 0.436831258018318 0.355509386186691 -0.826312004240103 0.637567144226284 -0.770374381231183 0.00560797163091663 -0.226675525307655 -0.145204082131386 -0.0706427097320557 -0.0404380187392235 -0.417682617902756 0.0145972138270736
-27.8485412597656 -50.3838806152344 30.7292385101318 0.78503988655808 0.593873559772915 -0.176143610487363 0.547654530182907 -0.798282602422082 -0.250637990417188 0.408218920230865 0.222384437918663 0.620075047016144 -0.411854237318039 0.287065923213959 -0.3414406478405
-27.5887451171875 -50.7108612060547 30.4832630157471 0.74729772572197 0.598668082807427 0.288344647528702 0.65395796770281 -0.739553478865494 -0.159372608612506 -0.0138154523447156 0.389678984880447 -0.429558575153351 -0.552292704582214 -0.528915107250214 -0.221628740429878
-27.2304382324219 -50.8834915161133 30.2540435791016 0.480844969970626 0.230204641090967 0.846046061437631 0.753337439462689 -0.602184728451824 -0.264303339220681 0.212019309401512 -0.125887393951416 -0.586829483509064 -0.364844918251038 0.107048638164997 -0.732451319694519
-26.7658462524414 -51.4042739868164 30.9647178649902 0.889562645772266 0.235640241550566 0.391346362968455 -0.22474233077511 0.971591792943524 -0.0741638230039372 -0.281931936740875 -0.137880310416222 0.283042967319489 0.0341983549296856 0.220901101827621 1.00816655158997
-26.8214950561523 -50.9607009887695 31.210168838501 0.7681793032681 0.140305685280609 -0.62467181200089 -0.398228615393826 0.868691248867439 -0.294600549936088 0.548304915428162 -0.196737885475159 -0.172333717346191 0.122554607689381 -0.211033672094345 -0.151371985673904
-26.755615234375 -50.4843368530273 31.1955337524414 -0.0338657738013113 -0.339317447561949 -0.940062114514186 -0.489846583633856 0.82551143056673 -0.280323389152441 -0.427603036165237 0.0437423512339592 -0.121052645146847 -0.115717776119709 0.129984900355339 -0.161423742771149
-26.719612121582 -50.060188293457 30.825984954834 -0.753065649559368 -0.465616787677655 -0.464858187500736 -0.470522525001718 0.874972249600202 -0.114158293152835 -0.54152637720108 -0.626000463962555 0.731773614883423 -0.110839977860451 -0.378492295742035 0.0969346016645432
-26.8742370605469 -49.7346878051758 30.511833190918 -0.853999679600939 -0.457215732769259 0.248270660670494 -0.476313758578126 0.879058117181563 -0.0195455879007202 0.0491942018270493 0.0960928425192833 0.171048447489738 0.444280207157135 -0.34109827876091 0.444889664649963
-27.4904861450195 -49.5989303588867 29.9762763977051 -0.359638098997676 -0.370839383218336 0.856235125186757 -0.825965159993369 0.553428337614775 -0.107231663244005 0.106565453112125 0.0198297034949064 -0.0208885855972767 0.536036193370819 0.085752360522747 0.223110780119896
-27.9963760375977 -49.5703201293945 29.9607772827148 -0.0667989469908997 -0.0183843994692452 0.997597070232798 -0.890596903707023 0.451890251227547 -0.0513064903590946 -0.38474839925766 0.236292630434036 -0.128882601857185 0.589561998844147 0.619570970535278 0.144240647554398
-28.5269927978516 -49.5152282714844 29.9717025756836 0.319248108809281 0.460901571035194 0.828040087700461 -0.884119539222289 0.459439045065698 0.0851375606561955 -0.625702738761902 -0.378347247838974 0.605377912521362 0.000642543891444802 0.380127131938934 -0.0612979680299759
-28.9789047241211 -49.5857620239258 30.3121871948242 0.423277919375611 0.84273484784752 0.332616564819722 -0.877468234256654 0.289913933719172 0.382098690008205 -0.0161221381276846 0.298857271671295 0.515173494815826 0.450167268514633 -0.474110722541809 0.25384533405304
-29.4258346557617 -49.4354476928711 30.5557994842529 0.512713725650065 0.856587754910905 0.0581554268037427 -0.756989440513869 0.419060944875517 0.501353080603419 -0.0644989386200905 -0.321649610996246 -0.510898888111115 0.561297059059143 -0.0253717824816704 0.382994413375854
-29.6332473754883 -49.3238296508789 31.0562076568604 0.365409575256601 0.8263834388514 -0.428446326046711 -0.722748899615586 0.541939776606773 0.428876796569668 0.462569981813431 0.734924793243408 0.125973597168922 0.0356922298669815 -0.0294598545879126 -0.0850471407175064
-29.7330474853516 -48.8966369628906 31.3900852203369 -0.0594180463356264 0.424160100804625 -0.903635825238833 -0.822173222351971 0.49259142154389 0.285280360117458 0.293862283229828 0.537757694721222 -0.122393667697906 0.0706000551581383 0.325887382030487 0.0447024963796139
-29.858268737793 -48.4101409912109 31.5192260742188 -0.400350209665023 -0.100013388877916 -0.910888045627083 -0.794762780847012 0.53270536874992 0.290821443991561 0.394344389438629 -0.129635274410248 0.44273054599762 0.550381600856781 -0.653520166873932 -0.39138650894165
-30.0801467895508 -47.8962326049805 31.4834957122803 -0.537082832670008 -0.598859438152709 -0.594061784822574 -0.837300518246457 0.293055216832883 0.461569585253673 -0.411771655082703 0.511843204498291 0.720593214035034 -0.15110194683075 0.0458254963159561 -0.0994216054677963
-30.4862213134766 -47.6099395751953 31.2935237884521 -0.433682731012238 -0.880048247532097 -0.193479639335648 -0.884496227511107 0.37478958959232 0.277847416852919 0.509871959686279 -0.00576770631596446 0.338217377662659 -0.257011383771896 -0.328070610761642 0.0822606161236763
-30.9033355712891 -47.4241561889648 31.076639175415 -0.358970855028334 -0.810345925613484 0.463119213682453 -0.88721471493929 0.450328440647184 0.100271357522825 0.045052919536829 -0.18014170229435 -0.0697050094604492 0.349949479103088 0.0499935150146484 -0.273205906152725
-31.4551391601562 -47.4760971069336 30.9932289123535 0.137410075423004 -0.380812388113998 0.914385255913041 -0.827413336274844 0.463356534390978 0.317313556268424 0.302565306425095 -0.247896328568459 -0.403843283653259 0.496857464313507 0.232250779867172 0.0271361041814089
-31.9896774291992 -47.5530548095703 31.111743927002 0.524930203912025 0.00853692353348812 0.851102462666783 -0.762254916242805 0.449625847698162 0.46562220710076 -0.0440881848335266 -0.638294458389282 0.296671479940414 0.434076249599457 0.237330585718155 0.337537407875061
-32.3608856201172 -47.5178833007812 31.4627475738525 0.725601745555887 0.317000221236872 0.610747874807619 -0.686314231388959 0.269227085913121 0.675640105384302 0.370376616716385 0.395176619291306 0.249002709984779 0.640667259693146 -0.276394039392471 0.153144598007202
-32.5867385864258 -47.5710830688477 31.932466506958 0.578032136882393 0.788130061727663 0.21149433688003 -0.69719780761298 0.342315226345444 0.629869433193675 0.388024479150772 -0.0900506898760796 -0.276556581258774 -0.441190510988235 -0.393093138933182 0.186303585767746
-32.7326049804688 -47.5735931396484 32.4284706115723 0.302407784561616 0.931734929362337 -0.201046147047627 -0.446001909377989 0.324723960187057 0.834048347826206 0.562803745269775 -0.125185251235962 0.223987370729446 0.34811607003212 -0.31571751832962 0.0197287835180759
-32.7228240966797 -47.3066711425781 32.9306678771973 -0.184797378756755 0.754293982941822 -0.629992473052174 -0.519453032821821 0.46920436607282 0.714153911667797 -0.0677873268723488 0.152663812041283 -0.144031465053558 -0.199683383107185 -0.0902919173240662 0.163114175200462
-32.7274475097656 -46.8846664428711 33.2973937988281 -0.585206593003118 0.288382297310158 -0.757871291251884 -0.531266339494651 0.569735857091641 0.627022431547714 -0.123333096504211 0.0408829115331173 -0.358482450246811 0.0204736515879631 0.164389759302139 -0.335778802633286
-32.8507766723633 -46.4163589477539 33.4747695922852 -0.692014529754421 -0.308328086838801 -0.652724812976412 -0.666848995222411 0.619313417064233 0.414443372507129 0.190778091549873 0.311927318572998 -0.266968309879303 0.0645066350698471 -0.486492186784744 0.2531957924366
-33.0242004394531 -45.9623107910156 33.4249000549316 -0.765003899174626 -0.636495828809998 -0.0981941655858044 -0.604993921194886 0.657965535789324 0.448401281254529 0.126766070723534 -0.0509602837264538 -0.00574549287557602 -0.280401021242142 0.243136584758759 0.242386296391487
-33.476203918457 -45.564811706543 33.4279823303223 -0.450927811388199 -0.854825214453901 0.256783881212374 -0.719689389874097 0.51838521073046 0.461870063327973 -0.156969502568245 0.0311943292617798 0.281727015972137 0.0302140507847071 -0.134356543421745 0.347951471805573
-33.9355392456055 -45.3892822265625 33.4004325866699 0.0962530977247815 -0.669009836579841 0.736994694511296 -0.708274026331756 0.474197951492986 0.522957174559885 -0.583511829376221 -0.413841307163239 -0.114999584853649 0.347728997468948 -0.0811369642615318 0.417308062314987
-34.3885955810547 -45.3283386230469 33.5476493835449 0.386500712307376 -0.403490900852091 0.829344495559872 -0.795272734003045 0.309590690116804 0.521243592904817 -0.083000659942627 0.120425365865231 -0.130173623561859 -0.140785694122314 0.203710317611694 0.197005435824394
-34.8021087646484 -45.3930969238281 33.8100700378418 0.657168793015397 0.18178747552107 0.731493329587059 -0.730781668339366 0.391384037180679 0.559264417480037 0.403222382068634 0.24862465262413 0.326983779668808 -0.0248571094125509 -0.0220232624560595 0.00111161591485143
-35.1264038085938 -45.3563461303711 34.2168807983398 0.691293492958455 0.678887132715212 0.247438007644373 -0.64884615624951 0.432529772531198 0.626032476309613 -0.405601322650909 -0.151066094636917 0.51936936378479 0.164208129048347 0.0128226419910789 -0.242586314678192
-35.131706237793 -45.3797302246094 34.7137184143066 0.0806746242295435 0.964812890285954 -0.250255253178603 -0.426133780593992 0.260356974250213 0.866385737992001 0.368384748697281 -0.0753911957144737 0.319010138511658 0.96530145406723 -0.27838259935379 0.217323407530785
-35.1071395874023 -45.0672378540039 35.1669616699219 -0.368015178780877 0.733966497631843 -0.57083973980525 -0.472602743018921 0.381057255770521 0.794633258249132 -0.698373854160309 -0.0619716718792915 -0.159148007631302 0.507711708545685 0.0686500370502472 0.128634095191956
-35.2028274536133 -44.772819519043 35.5102157592773 -0.762563385482725 0.208865444728662 -0.61226816765158 -0.46004207975537 0.490320103530534 0.740234747176975 -0.0279127601534128 0.0207492113113403 -0.135834246873856 0.0925989896059036 -0.519945025444031 -0.0841405093669891
-35.3725051879883 -44.2732086181641 35.739143371582 -0.718904805610365 -0.443481691931965 -0.535256825637456 -0.674208445512953 0.632278795578174 0.381662804922383 0.270148783922195 0.150398060679436 -0.0394524447619915 0.294505000114441 0.584792733192444 0.206703186035156
-35.6510620117188 -43.8291854858398 35.6448020935059 -0.679990840628603 -0.732466984218778 -0.0332351273602941 -0.674065458788751 0.606650928074197 0.421438499350291 0.0427201576530933 0.25652277469635 -0.00714847352355719 0.0923288315534592 -0.593670427799225 0.151093378663063
-36.0648651123047 -43.5631561279297 35.4692192077637 -0.282932825740288 -0.731781757213083 0.620035866647042 -0.675812292047403 0.610821631964346 0.412522338597619 -0.0580402389168739 0.184849709272385 -0.157502621412277 -0.446375399827957 -0.089411586523056 0.100956238806248
-36.6095275878906 -43.4546737670898 35.6055145263672 0.268847926096316 -0.527711069451567 0.805755434242918 -0.73770243067655 0.425055412608296 0.524521705924837 0.108349531888962 -0.232397139072418 -0.0990157499909401 0.0756349265575409 0.544212996959686 0.617862820625305
-37.0996932983398 -43.5417938232422 35.9391899108887 0.785738757190499 -0.108046636541851 0.60904887306416 -0.492864262082444 0.485601020122316 0.721994784204217 -0.176870077848434 0.000483756186440587 -0.130668997764587 0.0848698019981384 0.562101781368256 -0.478956460952759
-37.318473815918 -43.4791488647461 36.3983955383301 0.879494189063615 0.463438415717533 0.108234958495658 -0.400295376420879 0.597366491037971 0.694922216511351 0.478700160980225 -0.0177165791392326 -0.382722944021225 -0.584298014640808 0.246866390109062 -0.503742635250092
-37.3940582275391 -43.307991027832 36.9107055664062 0.825791494286789 0.509155220197971 -0.242547664818171 -0.19369388039563 0.659952886817101 0.725909683004062 -0.601062595844269 -0.440423786640167 -0.267999738454819 -0.119564674794674 -0.380926370620728 0.503938972949982
-37.3679962158203 -43.2072906494141 37.425838470459 0.50644259548239 0.680345955545971 -0.529759641963503 0.0778824576562663 0.575772217563851 0.813892300166936 0.467251509428024 0.128877028822899 0.229485601186752 0.327873080968857 -0.326535046100616 0.0270367860794067
-36.9762268066406 -43.0603942871094 37.8064651489258 -0.293674379537241 0.735862106530985 -0.610133033833768 0.170466159971498 0.668361868629802 0.724039847567971 0.316858679056168 0.522230505943298 0.401996940374374 0.020321536809206 -0.406947374343872 0.0660783126950264
-36.6907272338867 -42.5534973144531 38.0356178283691 -0.580240417403168 0.49941358173138 -0.643356147397405 0.179736431375081 0.848976014026709 0.496925087758579 -0.112393513321877 -0.0300005078315735 -0.235015198588371 0.499701112508774 -0.293299973011017 -0.202505081892014
-36.4598083496094 -42.026481628418 37.9823417663574 -0.931144322669644 0.350617348951344 -0.100188447310162 0.251521943834283 0.816479967630603 0.519708739803126 0.28517472743988 -0.00709681212902069 0.308478683233261 -0.212206214666367 -0.479547947645187 -0.403042674064636
-36.4002685546875 -41.484977722168 38.0342979431152 -0.996035100538815 -0.0861956651160455 0.0220087666586616 -0.0720086066297836 0.926440223322253 0.369490558988794 -0.386545330286026 0.0432019978761673 0.0520565286278725 0.459605515003204 0.148085981607437 -0.0258264690637589
-36.6118698120117 -41.0148239135742 37.9188919067383 -0.700409070693492 -0.27359354079539 0.659222047663244 -0.257828507029283 0.958232548306859 0.123753158862288 -0.251127362251282 0.133113965392113 0.82277250289917 0.073811449110508 -0.332777261734009 -0.221268251538277
-37.0155715942383 -40.6714935302734 37.8746109008789 -0.228930734022486 -0.27578562809965 0.933559321282589 -0.501819154423883 0.855211012767545 0.129582637318464 -0.33471867442131 -0.369694322347641 -0.505887687206268 0.128949493169785 0.012214845046401 -0.495578348636627
-37.4895553588867 -40.3709945678711 37.986499786377 0.472000842062866 -0.131824365058208 0.871686607599856 -0.339315042224185 0.885423027041641 0.317634011568057 0.227847188711166 0.0714719370007515 -0.260294526815414 -0.450111776590347 -0.172406747937202 0.200943067669868
-37.8411560058594 -40.2001571655273 38.3515014648438 0.800680542951283 0.198588021401969 0.565219838553894 -0.47836364452385 0.779907773053699 0.403623697431505 -0.0705329552292824 -0.449240058660507 -0.402184724807739 -0.19476380944252 -0.191621616482735 0.296238839626312
-38.0571670532227 -39.8508377075195 38.7185707092285 0.962860529386667 0.0856788537584709 0.256044400383727 -0.242487919814441 0.691460713257961 0.680501058606713 -0.259585529565811 0.52791839838028 -0.0198469646275043 -0.0509721115231514 0.0180380661040545 -0.104267679154873
-38.2011184692383 -39.7201080322266 39.1491165161133 0.849730923920099 0.51249625606418 -0.123713153925094 -0.26872864602796 0.622907896382209 0.734690865213847 -0.147162079811096 -0.110507376492023 -0.0472875237464905 0.253860265016556 -0.0925544202327728 0.247079476714134
-38.0996780395508 -39.5059661865234 39.6646461486816 0.533381748016617 0.634293306066597 -0.55962122257992 -0.316351785278323 0.763162647440249 0.563475218180186 0.302479773759842 -0.245036661624908 -0.0106288436800241 -0.505822002887726 0.264819383621216 -0.0266311969608068
-37.9143905639648 -39.1332168579102 40.0106658935547 0.197983834890696 0.49899648503453 -0.843685313991632 -0.0754835439464361 0.865928645946746 0.494438888763942 0.394401669502258 0.0994711071252823 0.167640969157219 -0.204213812947273 0.158883944153786 0.186507150530815
-37.6303939819336 -38.7590560913086 40.1759376525879 -0.591022026623326 0.41754253191747 -0.690182003594708 -0.127181016520031 0.79667440853311 0.590876362554258 -0.718296587467194 -0.0234122332185507 0.116846092045307 -0.181242093443871 -0.190668076276779 -0.273348391056061
-37.6153106689453 -38.1912841796875 40.2295112609863 -0.869101380067898 -0.0989576997745269 -0.484634052476103 -0.375709570131331 0.769345077524931 0.516672498397088 -0.0706363543868065 0.0664141252636909 0.0387508198618889 -0.0630898103117943 -0.557622015476227 -0.221426442265511
-37.8403701782227 -37.7347412109375 40.2121391296387 -0.832971439610437 -0.544232060752435 0.099850111880126 -0.464569558607796 0.785912071519091 0.408065363704797 -0.242093205451965 -0.467398196458817 -0.371829807758331 0.85004711151123 -0.0796689242124557 0.494092911481857
-38.1991729736328 -37.4385986328125 40.0277671813965 -0.550752070935393 -0.553432745202796 0.624807452658556 -0.486533952701693 0.821107556458133 0.298441105740851 -0.15248017013073 0.0140943052247167 -0.165125042200089 -0.484485179185867 -0.043713103979826 -0.703290581703186
-38.6035385131836 -37.0578689575195 40.1030120849609 -0.068948150013137 -0.551351719798396 0.83141892790886 -0.606292380397714 0.68499372474957 0.403971715006612 0.130593731999397 0.070085234940052 0.736455202102661 0.257262229919434 0.163083389401436 -0.106580056250095
-38.9579696655273 -36.7844848632812 41.0852928161621 -0.914916980144425 -0.356145085261357 0.189967359532071 0.311778576248357 -0.922445325180787 -0.227791003871225 0.0311294496059418 -0.189542502164841 -0.414132565259933 -0.13045671582222 0.127322435379028 0.124190270900726
-38.8088607788086 -37.2294006347656 41.2085914611816 -0.653637102117092 0.0124188629373552 -0.756706224752587 0.376840159218091 -0.861757644851606 -0.339654612717533 -0.148159712553024 -0.00591278728097677 -0.154345288872719 -0.0791463628411293 0.544133424758911 0.171866625547409
-38.7636871337891 -37.7150039672852 41.0783462524414 0.128291903193387 0.541271997635636 -0.831002895392397 0.341717746017788 -0.810740777030977 -0.475319234321241 -0.145631834864616 0.591883182525635 -0.0717615708708763 -0.172104611992836 0.345461547374725 -0.780977308750153
-38.868408203125 -38.1292572021484 40.8052291870117 0.543173457438651 0.566716652911757 -0.619511767803193 0.146717245403755 -0.790559797686509 -0.594549624659709 -0.0384277328848839 0.0520949400961399 -0.097016379237175 0.528309762477875 0.180341079831123 -0.663541972637177
-38.9184494018555 -38.3279876708984 40.3216361999512 0.86799312574582 0.48295355700282 -0.115515347189563 0.308683467351659 -0.706980816914025 -0.636311748673035 -0.127807527780533 0.51553201675415 -0.305161207914352 0.459346890449524 0.109163671731949 -0.0643389970064163
-38.7785949707031 -38.337532043457 39.696346282959 0.926551558761392 0.184354611776308 0.327895693893105 0.313348217063529 -0.860529689606962 -0.401623639951701 0.479623407125473 0.0282163470983505 0.0804845839738846 -0.752271771430969 0.0794060751795769 -0.0560514666140079
-38.4833602905273 -38.4599075317383 39.3280258178711 0.597842835311365 -0.242261898710016 0.764128992186716 0.40345898626073 -0.732762841278005 -0.547977613454828 -0.337295562028885 0.573543071746826 0.0558158159255981 -0.333570927381516 -0.772157728672028 -0.365454852581024
-37.9420013427734 -38.4410247802734 39.0449600219727 0.0874633838467953 -0.618169442568668 0.781163681158059 0.409330901998148 -0.692607404987716 -0.593921876365541 -0.384202688932419 -0.299349099397659 0.0116860931739211 -0.142226740717888 -0.16131366789341 0.363668084144592
-37.5578155517578 -38.7245559692383 38.9320831298828 -0.506102137299331 -0.6152851394712 0.604387974538669 0.418185340338998 -0.787939046498664 -0.451965795307933 0.811752736568451 0.559090375900269 0.0274468790739775 -0.304474204778671 0.529807984828949 0.00367981824092567
-37.1394348144531 -39.1262435913086 39.0439949035645 -0.884991759202465 -0.465320243280183 -0.0163296459666573 0.388023065729782 -0.717687997120542 -0.578240468361361 0.0574698373675346 -0.112395390868187 -0.194766253232956 0.521840512752533 -0.160017043352127 -0.26688089966774
-36.9177551269531 -39.6126022338867 38.9084930419922 -0.941433827529785 -0.326240795186179 -0.0852601427333358 0.33400866862204 -0.867535284704671 -0.36853865343776 -0.140993908047676 -0.313775986433029 0.281316429376602 0.223377719521523 0.610424935817719 0.531938970088959
-36.7902603149414 -40.0953750610352 38.9517478942871 -0.893810118574422 0.0406751744234294 -0.446597136264443 0.172820987620258 -0.887712370838932 -0.426731359168131 0.136507451534271 -0.359690546989441 -0.341449439525604 -0.689271986484528 -0.0942198634147644 -0.476529538631439
-37.0007553100586 -40.6061019897461 39.0605392456055 -0.393228106606641 0.224069110767363 -0.891720073663523 0.109878579564501 -0.951447579452381 -0.287531217969619 -0.203364923596382 0.247624590992928 0.412633329629898 -0.469668239355087 0.0667366683483124 0.312070488929749
-37.2247924804688 -41.0606384277344 38.9946632385254 0.0761109274961044 0.331065329876036 -0.940533292377125 0.0415034392782888 -0.943503769458758 -0.328752340744806 -0.617338120937347 -0.316523522138596 -0.348886668682098 0.0496213138103485 -0.104765444993973 -0.0938203781843185
-37.4204940795898 -41.3897857666016 38.6934394836426 0.592073597314759 0.343408051377215 -0.729054021051983 -0.122535862417217 -0.855782644377092 -0.502614193994381 0.274845778942108 -0.146680280566216 -0.674167037010193 -0.21009835600853 0.0576486699283123 0.106441713869572
-37.522331237793 -41.7124786376953 38.3173561096191 0.930618732144829 0.228025934807686 -0.286274253882938 0.00640149022608615 -0.792212939107855 -0.610211176588055 -0.175471469759941 0.209299385547638 0.0402764640748501 0.42036235332489 0.144950091838837 -0.0926517471671104
-37.6067810058594 -41.7249374389648 37.7914085388184 0.940215340931778 -0.187986219609356 0.284000517452915 0.019122632552572 -0.80341826070672 -0.59510790894362 0.152102798223495 0.12469108402729 0.428353875875473 -0.119198136031628 0.104200981557369 -0.328202307224274
-37.4766616821289 -42.0047607421875 37.3024024963379 0.695677021560973 -0.392588625656829 0.601587610142476 0.19076741809628 -0.706417200883973 -0.681602912617113 -0.0198943857103586 -0.394994378089905 -0.503399848937988 -0.191526904702187 -0.341755509376526 0.0708547383546829
-37.2293243408203 -42.0608901977539 36.9991798400879 0.184352606577248 -0.819394524917213 0.542776868504792 0.278270905526012 -0.486132583903597 -0.828396290434081 0.595342755317688 0.46906241774559 -0.232577219605446 0.00148645206354558 0.268564313650131 -0.662433087825775
-36.8017578125 -42.2974395751953 36.7900581359863 -0.340889702672288 -0.797613872540497 0.497600563648144 0.344403603450944 -0.598461512971895 -0.723346373061617 0.434563636779785 0.367167383432388 0.39292961359024 -0.598243355751038 -0.0434522368013859 -0.119282305240631
-36.4373550415039 -42.6706161499023 36.5061340332031 -0.795073553132608 -0.499076033910612 0.344646423868207 0.227287801102555 -0.77200482724978 -0.593589759154421 -0.112146466970444 0.115049555897713 -0.508608877658844 0.110303618013859 0.00462942197918892 0.287991583347321
-36.1879425048828 -43.0799026489258 36.5432662963867 -0.947543308618449 -0.265283493277769 -0.178287258340987 0.317997868288484 -0.83868318008462 -0.442140112642056 -0.0617860667407513 -0.21699433028698 0.196977376937866 -0.35125806927681 -0.0617541633546352 -0.130449697375298
-36.1964874267578 -43.6142578125 36.6862258911133 -0.707766743447665 0.0648689123948785 -0.703461627293338 0.343278348087322 -0.838729042647129 -0.422721620874389 -0.101254843175411 0.498429805040359 -0.0113073755055666 0.0521053895354271 0.440715134143829 -0.2022335678339
-36.2144546508789 -44.1092529296875 36.47314453125 -0.467828448533551 0.542665319043347 -0.69760367992885 0.12772029080995 -0.739510870894908 -0.660916938157645 0.374811321496964 0.0631196945905685 -0.375958859920502 -0.34922131896019 -0.588181436061859 0.212751120328903
-36.4337768554688 -44.4834823608398 36.1533584594727 0.26189864882922 0.791045967426772 -0.55286108124851 0.331195562676747 -0.611735944098565 -0.718393091532116 -0.0379217006266117 0.202677652239799 0.286214560270309 0.279225170612335 -0.495793253183365 -0.0690812692046165
-36.502555847168 -44.6828842163086 35.6035194396973 0.780439134807752 0.625193958898047 -0.00687536311148318 0.456138537338928 -0.576856622287105 -0.677623842613153 -0.0413214489817619 -0.185557350516319 -0.50508713722229 0.347838163375854 -0.265870749950409 0.294584810733795
-36.3098449707031 -44.7746353149414 35.1316223144531 0.757325329930391 0.457861475021573 0.465640649360528 0.613281030570216 -0.253662594170731 -0.748025177291051 0.0231710821390152 -0.0387093275785446 0.211815610527992 0.552381753921509 0.220917373895645 -0.377747505903244
-36.1194686889648 -44.5756988525391 34.7532196044922 0.747409298776383 -0.156790420551774 0.645597478407245 0.618972171804964 -0.188689542004416 -0.762410458525597 -0.0374690480530262 -0.231350556015968 0.0944335982203484 0.358523368835449 0.615744173526764 0.469984889030457
-35.7298202514648 -44.4017639160156 34.517993927002 0.392882280642058 -0.793166252220639 0.465328711660651 0.655258294377474 -0.113566524803507 -0.746819397239773 0.106247939169407 0.352809488773346 0.293594390153885 -0.317010968923569 -0.338644534349442 -0.0297816637903452
-35.2206802368164 -44.3443222045898 34.5424880981445 -0.137035090883418 -0.965510071810206 -0.221385828588065 0.709204339640421 0.0604011429105989 -0.702410781929127 -0.12478656321764 -0.269769608974457 0.152105510234833 0.206385552883148 -0.51456207036972 -0.0348059348762035
-34.4908065795898 -44.0569458007812 34.3386573791504 0.93001711295064 -0.294030872666182 0.220485862445008 0.165341509362016 0.870536648191083 0.463495554928118 0.302710950374603 -0.127992674708366 0.150928765535355 0.133909597992897 0.0258298702538013 -0.0762248411774635
-34.3372192382812 -43.8283081054688 34.8053398132324 0.827649524784337 0.0697786631300297 -0.556890655601301 0.23239132351836 0.86057813729233 0.45321026286686 0.56916880607605 0.0365211479365826 -0.232584610581398 0.0853144824504852 -0.291558921337128 -0.129023715853691
-34.0484619140625 -43.6309661865234 35.1798515319824 0.364592213775333 0.319394236620177 -0.87467699139066 0.333725995921755 0.832114151665463 0.442959364100251 0.397416234016418 0.361996591091156 0.305403590202332 -0.371808230876923 -0.1265679448843 0.17068076133728
-33.8007507324219 -43.22216796875 35.3475646972656 -0.0813792270530163 0.207906504802933 -0.974757563020099 0.297567445950962 0.938464484979893 0.17532263271365 -0.0166825819760561 0.304211854934692 0.0250757932662964 0.0167176462709904 0.312593638896942 -0.469621241092682
-33.4549255371094 -42.7423858642578 35.2854232788086 -0.715069080585606 0.240166163284354 -0.65650317897458 0.179706901121855 0.970723502475661 0.159377888775597 0.384560376405716 1.12028765678406 -0.145132467150688 0.0757412761449814 0.170977368950844 -0.742324650287628
-33.2663803100586 -42.2560424804688 35.1587104797363 -0.939544340357712 0.136392409619336 -0.314091615774796 0.142124149236972 0.989837709247573 0.0046942044249434 0.378170162439346 0.263389140367508 0.449770748615265 0.141200363636017 0.185158163309097 -0.0611765533685684
-33.2618789672852 -41.7756729125977 34.9268264770508 -0.912102375194716 -0.0610069615109095 0.405397838932775 0.0527003231192284 0.963213073500616 0.263520873899254 -0.44235172867775 -0.362005263566971 -0.49037754535675 0.29559388756752 0.760274231433868 -0.0543470159173012
-33.5420761108398 -41.3637084960938 34.8190422058105 -0.234657630341568 -0.0974223325368572 0.967183894430402 0.0892766689934787 0.988600314931632 0.121239818914858 -0.42450475692749 0.296235054731369 0.275697618722916 -0.299232244491577 0.331107288599014 0.484550893306732
-33.4596862792969 -40.7567367553711 34.9496765136719 -0.234299076867383 -0.455855359298882 0.858661652793217 0.0648095964800624 0.873958196444203 0.481660447900892 -0.324470698833466 -0.442438304424286 0.0715336725115776 -0.611076831817627 0.371915578842163 0.409224152565002
-33.7364501953125 -40.3161697387695 35.1065711975098 0.155421875027448 -0.538960872319859 0.827867875250133 -0.170268862116161 0.81089311060866 0.559875769935689 -0.214146599173546 -0.118476137518883 0.289042800664902 -0.299010187387466 -0.289081662893295 0.0864586308598518
-34.0764846801758 -40.10546875 35.3796577453613 0.708198100385747 -0.321963244392377 0.628327239478247 -0.149063100935536 0.801714800936626 0.57882084438851 0.239242240786552 0.0521470978856087 -0.0165410507470369 0.264585673809052 -0.469818085432053 -0.935450732707977
-34.2635345458984 -39.954948425293 35.9251861572266 0.995077448632491 0.0678220152715798 0.0722568022234148 -0.0990646033762695 0.700334041219248 0.706907656676188 -0.207250699400902 -0.712299823760986 -0.266798585653305 0.291895538568497 -0.0280482694506645 -0.0664131194353104
-34.2078323364258 -39.8328170776367 36.465705871582 0.820332277695349 0.392671163021136 -0.415769541817086 0.0321036652171195 0.694247463194303 0.719020037640052 -0.1250009983778 -0.334324568510056 0.186498835682869 0.0845700278878212 -0.532922804355621 0.707325577735901
-34.0000762939453 -39.6794738769531 36.9076805114746 0.401988535932405 0.605356977303348 -0.686984822983067 0.218400162421974 0.665229094275711 0.713982927795317 -0.0984395146369934 -0.52178430557251 0.47043177485466 0.377849191427231 -0.609262228012085 0.502211213111877
-33.6435012817383 -39.3893280029297 37.257682800293 -0.140883118657862 0.697148507086557 -0.702948010840218 0.1260310649969 0.716881981275785 0.685708681276424 0.342481911182404 0.439864575862885 0.0537036843597889 -0.480628371238708 0.350422352552414 -0.299785703420639
-33.187370300293 -39.019287109375 37.4477233886719 -0.536050007895265 0.610666264870698 -0.58286971270118 0.313789895218999 0.785116534758226 0.533973715184263 0.17660841345787 -0.23466557264328 0.139684557914734 -0.0951966792345047 0.513790369033813 -0.453349322080612
-32.8471603393555 -38.6673965454102 37.4153022766113 -0.848690424341487 0.528876540096139 -0.0037641688330908 0.519174805150519 0.834437674629 0.184854777749097 -0.357695817947388 0.525615692138672 -0.41042947769165 -0.626091539859772 -0.558990478515625 -0.165522620081902
-32.6445236206055 -38.1309204101562 37.1929473876953 -0.895741642903137 0.264838369245612 0.357081989666959 0.365723530735317 0.895634544340433 0.25315027562813 -0.411602735519409 0.0156068606302142 0.121046178042889 -0.453479200601578 -0.120281353592873 0.187730759382248
-32.5656661987305 -37.6708755493164 37.0191688537598 -0.539458278627413 0.0690941084217326 0.839172669837236 0.486418658188208 0.839078777378049 0.243605612250913 0.301187872886658 0.0178013071417809 -0.314281821250916 -0.254636585712433 0.00244528753682971 0.224239125847816
-32.7108612060547 -37.1221618652344 37.0673179626465 0.0337234232511336 -0.323952910561725 0.94547196809996 0.548989432027147 0.79651312576425 0.253332674575892 -0.360207587480545 1.04646492004395 0.254223674535751 0.325616240501404 0.0054162354208529 -0.615275681018829
-32.7209243774414 -36.7090225219727 37.3310470581055 0.476880459599418 -0.521880423998959 0.707266463434337 0.335483212488081 0.851809054869532 0.402333627951918 0.0377951301634312 0.503123879432678 -0.293032139539719 -0.12296212464571 -0.0928761586546898 -0.315532892942429
-32.7645568847656 -36.3713760375977 37.749439239502 0.780993962538837 -0.522421969207498 0.342233424094207 0.344191275292681 0.817289419985013 0.462136743824768 -0.354834616184235 0.00248927529901266 0.160194516181946 -0.246411696076393 -0.080927275121212 -0.0785959213972092
-32.6533660888672 -36.2233963012695 38.2174034118652 0.909505415292537 -0.20268251474838 -0.362932084237288 0.363572570475619 0.811131652811111 0.458127086959139 0.477653026580811 0.187895089387894 -0.119587585330009 0.244650721549988 0.318077445030212 0.670974731445312
-32.3193435668945 -35.9117889404297 38.5977630615234 0.559583021658957 -0.159716714648088 -0.813238841259475 0.609941692492777 0.743703332686395 0.273635678796089 0.462108969688416 -0.401446342468262 -0.171341821551323 -0.191242426633835 0.089946374297142 0.144406780600548
-31.8380584716797 -35.7754592895508 38.8371620178223 0.0787029884327737 0.146293067066772 -0.986105561357377 0.658281858211352 0.735218787267581 0.161611664178662 0.293145895004272 0.0224345382302999 -0.314262181520462 -0.127810761332512 -0.278458923101425 0.0175871662795544
-31.3457489013672 -35.6457595825195 38.7846603393555 -0.520377876498969 0.574888698459812 -0.631434755167632 0.677581629455477 0.728000125813288 0.104398047109599 -0.346231490373611 0.523900508880615 -0.357995480298996 -0.165248557925224 -0.338884949684143 -0.264317691326141
-30.9262084960938 -35.4158706665039 38.5563507080078 -0.725248337694516 0.659353536742859 -0.198160950381309 0.652255043372418 0.750146819258274 0.108826044455996 -0.32796710729599 0.239679783582687 0.274264603853226 -0.266278207302094 0.244296327233315 0.0270140320062637
-30.6151504516602 -34.9983444213867 38.3681106567383 -0.865755246404662 0.42148892309773 0.269842437412499 0.45891333178291 0.883700754551758 0.0920409165347834 0.259131819009781 -0.440168172121048 0.663610816001892 0.0871922597289085 0.204836010932922 -0.106839306652546
-30.5780258178711 -34.5081176757812 38.1308975219727 -0.485835120575619 0.255134140918981 0.835984931534539 0.435167419242051 0.900085638167142 -0.0217981924815236 -0.45028093457222 -0.191489785909653 -0.274698495864868 0.438958436250687 0.424152016639709 0.251577943563461
-30.6137390136719 -34.0181427001953 38.0839614868164 -0.138357713556897 -0.0722134748471661 0.987746099536619 0.388560917681951 0.913416317161641 0.121206620252464 -0.0127540500834584 -0.248026371002197 -0.474256575107574 0.498475164175034 -0.057509358972311 0.00864452123641968
-30.7232360839844 -33.5381698608398 38.1844596862793 0.450359956607563 -0.34383392372285 0.823986736775407 0.411494937421492 0.898949292407035 0.150206811288214 -0.264560252428055 0.0398059710860252 -0.129817217588425 0.412678480148315 -0.305573761463165 0.110249280929565
-30.7981796264648 -33.056640625 38.5546035766602 0.785008374222512 -0.493723376253113 0.374164509463091 0.401850912568263 0.865518598295862 0.29898729082023 0.276043921709061 -0.11699353903532 -0.391493022441864 0.311228722333908 -0.00583157083019614 -0.541384100914001
-30.6741943359375 -32.8006134033203 39.0087432861328 0.91703860379843 -0.348975323670131 -0.193019228608845 0.397771145982816 0.835120919105258 0.37993573916691 0.332746177911758 0.141364634037018 -0.222158461809158 0.315899342298508 0.372412204742432 -0.209218084812164
-27.8148803710938 -14.6114959716797 41.4419288635254 -0.385750188182222 0.496584222461285 -0.777560867276576 0.206496167896256 -0.774938186815941 -0.597352608815416 -0.155113041400909 -0.0707381144165993 -0.0408674888312817 -0.0710751488804817 0.208299413323402 -0.117400862276554
-28.0429840087891 -14.9995498657227 41.1586647033691 0.280119046486416 0.672033300362424 -0.685495851920002 0.153051137864056 -0.736214904155391 -0.659213898592852 0.302258759737015 0.123594917356968 0.186308845877647 0.497245103120804 0.695726335048676 -0.371528148651123
-28.1018829345703 -15.3348388671875 40.8202018737793 0.368762937459348 0.725046519896551 -0.581654055210013 0.0262440606257046 -0.633626897956267 -0.773193509716806 -0.8106489777565 0.146049171686172 0.0419147424399853 -0.00549424020573497 0.33568662405014 -0.239556059241295
-28.3293685913086 -15.4495544433594 40.3894653320312 0.895756526498985 0.304025740447665 -0.324327911811061 -0.0218373673452349 -0.698598716225618 -0.715180371008145 -0.30242395401001 -0.43446084856987 -0.198093667626381 -0.085147313773632 -0.0617231354117393 0.34126216173172
-28.3639068603516 -15.4890518188477 39.8917427062988 0.989753721027267 -0.0570430524265436 0.130895614451143 0.0600191203648329 -0.665600645015841 -0.743890775951098 0.684896409511566 -0.107111394405365 0.323359131813049 0.0986388549208641 -0.29539167881012 -0.0918178409337997
-28.1731185913086 -15.6194000244141 39.2881355285645 0.69640001486747 -0.408125210460215 0.59030571052582 0.116104580923577 -0.747640852199259 -0.653875280471227 0.0594748109579086 -0.0212773568928242 -0.258517891168594 0.0698174014687538 0.154517084360123 -0.63172459602356
-27.8897018432617 -15.8049850463867 38.8583793640137 0.122552760742527 -0.61874163901062 0.775976549251868 0.134430088436892 -0.764315528801227 -0.630674499053316 -0.406540066003799 0.299168854951859 -0.0181830916553736 -0.425057500600815 -0.395616114139557 -0.0964063853025436
-27.5008316040039 -16.0933456420898 38.7083053588867 -0.506264244236896 -0.640186665122404 0.577804074757785 0.314399898721307 -0.760914263997346 -0.567593328475071 0.148015886545181 0.220914959907532 0.225475668907166 0.251853078603745 -0.487753361463547 -0.12273883074522
-27.1835861206055 -16.5065994262695 38.617862701416 -0.822142959518776 -0.464530680904344 0.329077803281009 0.256410600176503 -0.818267978637754 -0.514481408073422 0.0436491668224335 -0.248561695218086 0.213839516043663 -0.475720942020416 0.387004196643829 -0.256789594888687
-27.0236434936523 -17.0572662353516 38.6189002990723 -0.96939478140884 -0.243837706195246 0.0285820015875219 0.212712657371116 -0.892323311543127 -0.398136199146504 0.426043540239334 0.0493915639817715 -0.166615396738052 -0.0968372523784637 0.0926602259278297 -0.51139634847641
-27.09326171875 -17.5376815795898 38.7611885070801 -0.794591445211292 0.0518249329029976 -0.604928600354314 0.117852594956825 -0.9642340549646 -0.237409884184436 0.251850575208664 0.148878827691078 -0.177871137857437 -0.209733486175537 -0.0261924620717764 0.101354442536831
-27.239631652832 -18.0539093017578 38.7673034667969 -0.34093920289723 0.230470972161651 -0.911396505873632 0.12047522385303 -0.950777057689453 -0.285497297726175 -0.00514587806537747 -0.118175514042377 0.0741447284817696 0.22936524450779 0.235739976167679 -0.176866382360458
-27.5007553100586 -18.572265625 38.6633453369141 -0.0593343428628643 0.348209963686673 -0.935536881660129 -0.294010549324575 -0.901712595832335 -0.316973486908878 -0.109363697469234 0.0360695421695709 0.602657437324524 0.397432714700699 -0.0520886778831482 0.025012269616127
-27.8935623168945 -18.9989776611328 38.3961563110352 0.436468557390929 0.326482592979958 -0.838393890060134 -0.0886499576584997 -0.911699379410187 -0.401180042612075 -0.0900636613368988 -0.232948556542397 0.339349985122681 -0.516109228134155 0.158882454037666 -0.117551825940609
-28.1444625854492 -19.2686920166016 37.9501457214355 0.890256382498548 0.206592750551709 -0.40591009945563 -0.0038044414171529 -0.887805489500359 -0.460203149748599 -0.0868830531835556 -0.0526627488434315 -0.209316253662109 0.966116487979889 -0.0819320678710938 0.174442544579506
-28.1614837646484 -19.4941635131836 37.5064315795898 0.912008880809129 -0.0869534288291818 0.40084772986775 0.0379576860517218 -0.955185570219399 -0.293563861049414 -0.0649994909763336 -0.221838757395744 -0.240124434232712 -0.266972422599792 0.217350348830223 -0.169889509677887
-27.9725494384766 -19.8531188964844 37.1388092041016 0.499265103845665 -0.181801217026221 0.847161539241343 0.0763988904274396 -0.964694108459095 -0.252048579932059 -0.139223799109459 0.423933535814285 -0.172024130821228 0.0735505148768425 0.00449576182290912 -0.478739678859711
-27.7329635620117 -20.3212051391602 36.9096870422363 0.130190195230221 -0.101096230832908 0.986321481656613 0.0731790818248308 -0.991095054982151 -0.111244837962044 -0.215079471468925 -0.116265676915646 0.160567581653595 -0.199009403586388 -0.136057555675507 -0.30075466632843
-27.4179763793945 -20.7426452636719 36.9340476989746 -0.487127695267886 -0.00862073732040968 0.873288206373503 0.132303330003541 -0.989138652621011 0.06403557418393 0.312280237674713 -0.04938805103302 0.240798518061638 -0.434673756361008 0.0917707458138466 -0.350126594305038
-27.1978225708008 -21.1687622070312 37.2324523925781 -0.906233296686808 -0.0268754956723173 0.421922883603777 0.11201971694641 -0.977572772743028 0.178334116216598 0.0280126817524433 0.0121823251247406 -0.156905099749565 -0.460433006286621 -0.0336409509181976 -0.275949507951736
-27.1333999633789 -21.6015319824219 37.5683631896973 -0.994853120832523 -0.0251961973294743 -0.0981448909007666 0.0102717636982318 -0.988678490415171 0.149697473127993 -0.439870417118073 0.126651138067245 -0.272268921136856 -1.15639388561249 -0.0770083963871002 -0.176079615950584
-27.3159637451172 -22.0283203125 37.9274711608887 -0.705189466311926 -0.0433798039348505 -0.707690616875252 -0.128499328441821 -0.973777848198091 0.187735518612482 -0.355982273817062 0.322912186384201 0.0688777565956116 -0.0986659675836563 0.314525663852692 -0.25437331199646
-27.5817565917969 -22.3643569946289 38.1560173034668 -0.0883826770909107 -0.0918822730357467 -0.991839780555322 -0.093715067199157 -0.990552713442641 0.100113975404432 0.13178713619709 -0.445392280817032 0.205571681261063 -0.00992436893284321 -0.195476531982422 -0.369939386844635
-27.9043655395508 -22.7705993652344 38.0986289978027 0.502900874028711 0.0258898943265357 -0.863956262939808 0.0742294948235743 -0.99715213188042 0.0133269645669823 0.566623210906982 -0.0443321280181408 0.244942292571068 0.310623049736023 0.351738125085831 0.0621671564877033
-28.1776657104492 -23.1483764648438 37.9412117004395 0.891806462834529 -0.0054285952003737 -0.452384530240277 0.0154203659960783 -0.998982275378741 0.0423866227913923 -0.259120523929596 -0.757096946239471 0.190357103943825 -0.443518072366714 0.593804776668549 0.119253732264042
-28.2488021850586 -23.5294876098633 37.6719512939453 0.945470247546119 -0.0167679243028693 0.325276571120108 -0.0851492428128292 -0.976667877252666 0.19715340218006 0.333406150341034 -0.209027484059334 -0.225009933114052 -0.256941705942154 0.126389637589455 0.0745576024055481
-28.1870269775391 -24.0704498291016 37.714672088623 0.745225130394677 0.447403582165801 0.494438610641854 0.270333126271171 -0.8805378607954 0.389323871020409 0.184458345174789 -0.191312104463577 -0.116456627845764 0.466979265213013 -0.216408744454384 0.198385447263718
-27.8826065063477 -24.4642562866211 37.669750213623 0.105573248895987 0.356698781386466 0.928235028683445 0.217279874234506 -0.919170874171486 0.32850321205045 0.388740479946136 0.166393294930458 0.446460545063019 -0.112317308783531 -0.158014506101608 -0.722426295280457
-27.4725112915039 -24.6774139404297 37.898754119873 -0.608241222768345 -0.0583089667416402 0.791607654916746 0.296012422585858 -0.942016294081385 0.158056785238802 -0.419472813606262 0.363997906446457 0.238528743386269 -0.739789366722107 -0.118893161416054 -0.922546684741974
-27.2566680908203 -25.0982666015625 38.1744232177734 -0.907972065386248 -0.00947740137492995 0.418923510132112 0.221758964735192 -0.859136325623149 0.461202488668838 -0.0196214690804482 -0.0821272432804108 0.371022373437881 0.0473489724099636 0.397460967302322 -0.0032361417543143
-27.1215591430664 -25.3553161621094 38.5895919799805 -0.973805965164782 -0.149277979472332 -0.171516841896489 0.0369111582513589 -0.848092208280842 0.528561418048904 -0.54738974571228 -0.103271849453449 0.199296459555626 -0.490396738052368 -0.0585123859345913 -0.41082689166069
-27.3087921142578 -25.7896347045898 39.0354652404785 -0.714421649113058 -0.154839259948898 -0.682368310267305 -0.090913686818813 -0.946400662635955 0.30993626330463 -0.145921111106873 -0.98780483007431 0.221868872642517 0.258800476789474 -0.014194312505424 -0.292334854602814
-27.6611938476562 -26.1216125488281 39.2314453125 -0.0982008985573239 -0.261538224701138 -0.960184534630042 -0.124112009724075 -0.954096452892556 0.272573233498988 -0.0825692862272263 -0.184369087219238 0.359149813652039 -0.541341423988342 0.298530578613281 0.329087287187576
-28.0105285644531 -26.5500717163086 39.2189483642578 0.402435560533689 -0.291358324626769 -0.867845577443716 -0.387751417988951 -0.913012701708014 0.126714815106174 -0.288818359375 0.186092466115952 -0.299815118312836 -0.112866252660751 -0.269644290208817 -0.0273836590349674
-28.3649139404297 -26.9370269775391 39.0327835083008 0.807489129009785 -0.293112958642585 -0.511904385610056 -0.434603714771563 -0.882388955862849 -0.180303471064836 -0.00435057049617171 -0.359995365142822 0.428102910518646 -0.0729512572288513 -0.288691192865372 0.63240110874176
-28.5828247070312 -27.218376159668 38.7035636901855 0.907225641641346 -0.39260920290162 0.15099552624301 -0.348878783428691 -0.902837024377077 -0.251334243363816 0.176773846149445 0.133453160524368 -0.368395209312439 -0.522142112255096 -0.945495367050171 -0.352421134710312
-28.6068954467773 -27.6659698486328 38.3918838500977 0.745621374089118 -0.346167978698225 0.5694001203244 -0.334985681762657 -0.93337958919601 -0.128791053595722 -0.144154757261276 -0.319222867488861 -0.391286671161652 -0.102256864309311 0.0640578866004944 -0.201902538537979
-28.5587463378906 -28.2194747924805 38.2342834472656 0.423040650144013 -0.0325016653507515 0.905527608676377 -0.158603246459373 -0.986584264320745 0.0386846171913607 -0.152073711156845 -0.102785512804985 -0.141294673085213 0.222653582692146 -0.254053503274918 -0.050153162330389
-28.3047485351562 -28.7064056396484 38.2972183227539 -0.224888537162387 0.22871222271854 0.947162005694964 -0.0472757690849855 -0.973478190282748 0.223841941336401 0.0767259448766708 -0.0850051864981651 0.0119764124974608 -0.244432866573334 -0.488932907581329 -0.33040177822113
-28.0278244018555 -29.0850067138672 38.6144828796387 -0.847615891027532 0.225140060902132 0.480478151693277 -0.168393137962462 -0.972846454581501 0.158787678663548 -0.252644032239914 0.388395726680756 -0.163120985031128 0.367365390062332 0.146002441644669 0.464136838912964
-28.0435104370117 -29.5349044799805 38.971622467041 -0.927233813266957 0.374374565287628 0.00900779662951282 -0.360939308519869 -0.899851219357059 0.244929782972208 0.0262732896953821 -0.493120282888412 0.375286936759949 0.11093881726265 -0.512829303741455 0.42048504948616
-28.2311172485352 -29.8397903442383 39.3085899353027 -0.733808374872287 0.0630226802353115 -0.67642694412867 -0.386414076642027 -0.857653242222183 0.339286129216429 0.52027040719986 -0.114193007349968 -0.254374295473099 -0.257828861474991 -0.00269244587980211 0.858788251876831
-28.6988677978516 -30.0605621337891 39.55419921875 -0.240225703189974 -0.220744735174127 -0.945284810742131 -0.424852516601685 -0.851670347427103 0.306851688036115 0.256403386592865 -0.203388497233391 -0.360206604003906 -0.0972931161522865 0.465329051017761 0.0898247137665749
-29.1003189086914 -30.4272766113281 39.6424598693848 0.221168530101304 -0.178278177307426 -0.958802050888905 -0.452206867103748 -0.889815098704804 0.0611395081855751 0.063251718878746 -0.126243904232979 0.479819744825363 1.42900133132935 -0.283768802881241 0.304924696683884
-29.4945220947266 -30.7839584350586 39.4807090759277 0.686829703372914 -0.328270730945324 -0.648462246988441 -0.44037127803397 -0.897736012406043 -0.0119661820153563 0.355677574872971 0.514271020889282 0.195735648274422 -0.0165100004523993 -0.409974545240402 0.301022440195084
-29.8465194702148 -31.1674575805664 39.2497825622559 0.951934494228754 -0.194532976334078 -0.236595942095488 -0.221506203914 -0.970705350013968 -0.0930920248027116 0.0346669815480709 -0.144053876399994 -0.106775775551796 0.23932883143425 0.640587449073792 0.398393750190735
-29.8214340209961 -31.5032577514648 38.8319320678711 0.859678103857401 -0.270263122799873 0.433487487942391 -0.269704154812562 -0.960803629516717 -0.064156483572162 0.27888560295105 -0.482197731733322 -0.245878100395203 0.0942620038986206 -0.208255544304848 -0.313220858573914
-29.6701049804688 -31.9208602905273 38.5264320373535 0.375545161681201 -0.241934286902788 0.894669566017912 -0.267979122046073 -0.952439979343588 -0.145069900032366 0.449603676795959 0.0430877171456814 -0.591374933719635 0.203827977180481 0.102411888539791 -0.254617303609848
-29.4679718017578 -32.3603286743164 38.4808158874512 -0.289182292660756 -0.0480767559205671 0.956066016105386 -0.282088929603864 -0.950110497004108 -0.133101011557211 0.210724800825119 -0.164267137646675 0.40041708946228 0.0374262370169163 0.0359213277697563 -0.649260699748993
-29.5366363525391 -32.8688354492188 38.5344200134277 -0.59749588250568 0.276702383881296 0.752618403404518 -0.274824759269209 -0.952394473304816 0.131970144013954 0.38665959239006 -0.116756357252598 -0.0210662484169006 -0.3247289955616 0.183182805776596 0.237005591392517
-29.5153350830078 -33.2641067504883 38.8002815246582 -0.901504045958641 0.379966015165963 0.20716245422156 -0.393027802857412 -0.919203396231997 -0.0243775006232508 0.0324641652405262 -0.30696177482605 -0.584569871425629 -0.270517081022263 -0.400491029024124 -0.207898378372192
-29.8256301879883 -33.6697845458984 39.0441131591797 -0.788786446651966 0.470751672061257 -0.395232595859319 -0.500215408297639 -0.865297321376711 -0.0323278659969244 0.526416778564453 0.710318267345428 -0.123117245733738 0.479290366172791 -0.400733947753906 0.0692773014307022
-30.2449417114258 -33.9244155883789 39.2017478942871 -0.3931599766644 0.368939480457405 -0.842204780625869 -0.602865071782066 -0.795037891862302 -0.0668465087222279 0.150889948010445 -0.13923504948616 0.16842745244503 -0.596963167190552 -0.644356608390808 0.52656364440918
-30.7357559204102 -34.1085433959961 39.2723999023438 0.132427831250953 0.0636951064392485 -0.989143974821594 -0.488699796910922 -0.864011437785752 -0.121065039853055 -0.00795589666813612 0.553900957107544 0.201883941888809 0.101962186396122 -0.37135836482048 -0.0733569115400314
-31.2293014526367 -34.2557678222656 39.1027793884277 0.606472244356204 -0.188139737328768 -0.772524987339187 -0.597889799002019 -0.748394820939096 -0.287111442197736 -0.465755194425583 0.73523998260498 -0.509869158267975 -0.0103434678167105 0.498254030942917 0.197082608938217
-31.6009063720703 -34.396354675293 38.7721519470215 0.780353475759819 -0.590172295718852 -0.206748915923421 -0.623128376305897 -0.706093416143624 -0.336367528636466 -0.229075893759727 0.243241831660271 0.482919186353683 0.102539107203484 -0.126522287726402 0.323395937681198
-31.7504959106445 -34.5989532470703 38.2907257080078 0.755540420034598 -0.625481640483986 0.194759829306263 -0.48068319736384 -0.731302257351632 -0.483880845006788 0.0517687872052193 -0.306169927120209 -0.844775438308716 0.315805673599243 0.21255299448967 -0.221478626132011
-31.7854766845703 -35.0110397338867 37.8808135986328 0.352696234819457 -0.500993435310778 0.790323315940815 -0.46726533538954 -0.826053365249225 -0.315117349734557 0.576306343078613 -0.607999265193939 -0.209617897868156 -0.00471418770030141 0.0621640868484974 -0.636368572711945
-30.2539443969727 -32.5021820068359 39.4447402954102 0.640391481219114 -0.301359236446828 -0.706456906959069 0.598577791064871 0.772169770833732 0.213209927194963 0.266487777233124 -0.0579298734664917 -0.255359560251236 -0.549872815608978 -0.138979822397232 -0.0607571043074131
-29.6638259887695 -32.4054870605469 39.639331817627 0.173604392028798 -0.0829488104333939 -0.981315958249939 0.509225110942777 0.8604583816216 0.0173539586968845 -0.198129042983055 -0.181864783167839 0.57207065820694 -0.267531126737595 0.490373551845551 -0.0894521921873093
-29.2445449829102 -32.1190338134766 39.6558227539062 -0.283079206349145 0.160139513613485 -0.945632856404839 0.480182973305777 0.877155225036924 0.00479826402438908 -1.10717177391052 -0.00570400431752205 -0.277276396751404 -0.393264323472977 0.551789879798889 0.0364758372306824
-28.892692565918 -31.8436584472656 39.5026054382324 -0.74339077155694 0.319264969538631 -0.587741473770121 0.470972112237692 0.873804439313469 -0.121041609913459 -0.290202617645264 0.303129971027374 -0.266771823167801 -0.315453886985779 -0.0269401501864195 -0.229630202054977
-28.6962051391602 -31.5524826049805 39.0378646850586 -0.927984247918179 0.372619412022865 -9.6950842996267e-05 0.354313605190781 0.882314225446689 -0.309812002270926 -0.0274758879095316 -0.151926711201668 0.143058687448502 -0.0139989964663982 -0.338768005371094 -0.413402169942856
-28.7452621459961 -31.1924285888672 38.6103591918945 -0.555490863170872 0.384523978132209 0.737272820043611 0.277509015491604 0.921548343186803 -0.27154630818801 -0.273779332637787 0.234075337648392 0.254309445619583 0.0885350853204727 -0.368461936712265 0.0751727297902107
-28.9123077392578 -30.6583709716797 38.4525909423828 -0.0944357570904804 0.173849605677784 0.98023374885199 0.175344031393714 0.972145680773615 -0.155522493575061 0.331075727939606 -0.0547972321510315 0.115834847092628 0.141947939991951 0.376105219125748 0.643526315689087
-29.00732421875 -30.1353759765625 38.4041976928711 0.254236863170146 -0.0877170803090423 0.963155922593773 0.0403122488953495 0.995974154945247 0.08006500652657 0.425363451242447 0.420015454292297 -0.0956255868077278 0.0913694649934769 0.090545155107975 0.2337975949049
-29.1548309326172 -29.6481704711914 38.52587890625 0.733516854284207 -0.264691884537276 0.626012165010479 0.235402282289523 0.962982290100004 0.131342584284894 0.293182283639908 -0.292528122663498 0.164361327886581 0.398701280355453 0.327158719301224 0.0113071734085679
-29.1972732543945 -29.2143936157227 38.8629722595215 0.95250565213408 -0.277217873933537 0.126028699209353 0.229542392073128 0.92556501234832 0.301064275791732 -0.246503248810768 0.254163920879364 -0.240820690989494 -0.215533971786499 -0.149039641022682 0.556232631206512
-29.0055694580078 -28.853141784668 39.2419891357422 0.813947637583088 -0.209393460656799 -0.541888938719993 0.331958551659741 0.933138664602141 0.138042575332758 -0.071744330227375 -0.0990376248955727 -0.0439563989639282 -0.213929608464241 -0.0441306680440903 -0.328742235898972
-28.6213455200195 -28.4798736572266 39.3915824890137 0.195089456449784 -0.204036807451455 -0.959327412923839 0.420879136103723 0.90089986451695 -0.10601974771676 0.124602057039738 0.138084456324577 0.0196563471108675 -0.0709724202752113 -0.161062672734261 0.0481102615594864
-28.1709747314453 -28.1396789550781 39.3620376586914 -0.309168542951526 -0.168859988248179 -0.935895889732429 0.429838091457271 0.853041052946837 -0.295905689569704 0.505127012729645 -0.161822006106377 -0.168228015303612 0.238159969449043 0.305120557546616 -0.11374319344759
-27.713981628418 -28.0222091674805 39.1120681762695 -0.747583356795273 0.265673938854657 -0.608717079484521 0.492726506860169 0.836409798981853 -0.240081731092794 -0.103652529418468 -0.15677584707737 0.146809533238411 -0.430628627538681 -1.03362774848938 -0.0386481918394566
-27.4721069335938 -27.6765594482422 38.7708549499512 -0.945091183810276 0.32494912677058 0.0347953918662938 0.311719258135131 0.928312647057305 -0.202649286752118 -0.11215615272522 0.565560281276703 0.384210854768753 -0.45002081990242 0.190816834568977 0.5699502825737
-27.3771438598633 -27.2810211181641 38.4206924438477 -0.806175346895239 0.315616729637499 0.500467171781798 0.249184525078869 0.948284174478199 -0.196632135968206 -0.304710149765015 0.0492235608398914 -0.155178815126419 0.369867146015167 0.875840485095978 0.165557950735092
-27.5419235229492 -26.8872604370117 38.1982383728027 -0.293423555675971 0.279813122670326 0.914115547048595 0.11089824969625 0.959712584357124 -0.258173069162682 -0.127844586968422 0.0205380897969007 0.576161801815033 -0.704944610595703 0.174440756440163 0.137620627880096
-27.7781524658203 -26.3981323242188 38.0866928100586 0.131112330928766 0.220258307510038 0.966589796475857 -0.0966026227254092 0.973205036468514 -0.208662143847156 0.0766955688595772 0.120826058089733 -0.0664791837334633 -0.34343233704567 0.00555174238979816 -0.397137552499771
-28.1311187744141 -25.9562835693359 38.1905517578125 0.660686558086888 0.150945905145885 0.735328909864824 -0.0701976983512568 0.987705188394951 -0.139680864701934 0.78048974275589 -0.0778431370854378 0.235712692141533 -0.432839393615723 -0.124320723116398 0.249830782413483
-28.3646469116211 -25.5217971801758 38.4164886474609 0.98904201271545 0.130186744520735 0.0696226158289459 -0.121260148333638 0.985351673814825 -0.119908529039538 -0.329205065965652 -0.0209494326263666 -0.494496643543243 0.378586739301682 0.0626854300498962 0.0359805189073086
-28.3043518066406 -25.0584106445312 38.6963081359863 0.886996395811407 -0.102664054124946 -0.450219375203027 0.0751140987259788 0.994065082202602 -0.0786923409114151 -0.051672026515007 -0.242742463946342 -0.702822625637054 -0.330148965120316 -0.292041659355164 -0.399734199047089
-28.119255065918 -24.4902420043945 38.8331909179688 0.613576223548686 -0.20324494448968 -0.763030609107603 0.114946635216546 0.979003929007601 -0.168340660685628 -0.0392782427370548 0.176252275705338 -0.0180377662181854 -0.326884746551514 -0.00196402985602617 0.162192165851593
-27.7743148803711 -24.0120239257812 38.7813453674316 -0.0857241954621603 -0.322099038367913 -0.942816828336677 0.00964483042683033 0.945987626485156 -0.324059234991104 -0.157712280750275 -0.0471477694809437 -0.057870626449585 -0.177934139966965 -0.215783208608627 0.193609610199928
-27.4896240234375 -23.6599578857422 38.5378570556641 -0.765089413136295 -0.288764935155619 -0.575545829740196 0.053516515281086 0.862202747119615 -0.50372850371163 -0.200837686657906 -0.510944783687592 -0.342856258153915 0.381695866584778 0.270727962255478 -0.0686561092734337
-27.0406646728516 -23.2359008789062 39.7033576965332 0.45331788149043 -0.890207624760116 -0.0450919409648881 0.891279925056978 0.453331828105535 0.0105047045137716 0.27750700712204 -0.260279148817062 0.208598598837852 -0.422040581703186 0.194312214851379 -0.127094075083733
-26.6342697143555 -23.2490158081055 39.97802734375 0.286574213887003 -0.655368466712218 -0.69883287900207 0.926559285522515 0.375090348360209 0.0281978896200121 -0.299959123134613 0.285273969173431 -0.0820880755782127 0.240897625684738 -0.155610933899879 -0.00510250125080347
-26.1564102172852 -23.3727722167969 40.0327987670898 -0.096310782219138 0.0328610531342824 -0.994808717500628 0.876909987347791 0.475649399058036 -0.0691847039845237 -0.087771050632 0.10795921087265 -0.288216292858124 0.407656013965607 -0.142398074269295 -0.372734874486923
-25.6687774658203 -23.4307098388672 39.8120460510254 -0.452393607255795 0.667129401966449 -0.591843209934843 0.853556209126785 0.516197810853808 -0.0705805775751918 0.528069853782654 0.183177784085274 -0.115934163331985 0.150502651929855 0.0395131967961788 -0.0266469102352858
-25.1609649658203 -23.1495056152344 39.5175132751465 -0.67596360673396 0.702041556314361 -0.224077789124504 0.729593267078513 0.680355606635842 -0.0693535374215175 0.301381379365921 0.343978315591812 0.159695014357567 0.225569665431976 -0.416548997163773 -0.164986401796341
-24.8959808349609 -22.8850936889648 39.1596031188965 -0.655933564407795 0.651295476202293 0.381530289442022 0.691813935199148 0.720897344608165 -0.0412370901151583 -0.198492392897606 0.071103610098362 -0.318195760250092 0.312379240989685 0.112669616937637 -0.0379714332520962
-24.7087249755859 -22.4779968261719 38.9266738891602 -0.465574618695547 0.340967312296727 0.81668939406095 0.584461992274742 0.81140195253358 -0.0055723433969301 0.566969871520996 0.0742223113775253 0.27708238363266 -0.128918886184692 0.569056153297424 -0.0176009126007557
-24.6281051635742 -21.9717407226562 38.8779945373535 0.00431334414476766 -0.173093142305818 0.984896014383745 0.563214415969604 0.814254766665895 0.140636754107475 -0.376244634389877 -0.353610396385193 0.0223710276186466 -0.332166880369186 0.0593740083277225 -0.525026082992554
-24.6010360717773 -21.4836196899414 39.0870933532715 0.404828078399749 -0.521856799395823 0.750852653896565 0.487726069989359 0.817820347564403 0.30543928981448 0.472953349351883 0.065760999917984 -0.26845183968544 0.0782304629683495 0.0673984736204147 0.329839050769806
-24.4901885986328 -21.0781478881836 39.430980682373 0.646144433186272 -0.683540312732227 0.33951437721004 0.508256916112177 0.717232463957967 0.476710079470659 0.180423840880394 -0.364890575408936 0.147401228547096 -0.140158519148827 -0.401210099458694 -0.157308593392372
-24.3858642578125 -20.8201675415039 39.8100090026855 0.805377167987672 -0.591023802128459 -0.0453705036535586 0.484085455179061 0.611616537140733 0.62576871412692 0.666271030902863 -0.0106865800917149 0.040737371891737 -0.358673632144928 0.0972620621323586 -0.314073741436005
-24.1180801391602 -20.699348449707 40.2451362609863 0.722248450973832 -0.328000515289517 -0.608911189777057 0.668628628046243 0.556303807541068 0.493418515534541 0.261941462755203 0.209296971559525 -0.311267584562302 -0.45624378323555 0.44851216673851 -0.299621850252151
-23.6109466552734 -20.7048797607422 40.4926452636719 0.25135248623351 0.244041901879768 -0.936624512700334 0.726341113035123 0.592033267662136 0.349177888040168 -0.00950401742011309 -0.413929641246796 0.237982347607613 -0.136818140745163 0.176452532410622 0.229498192667961
-23.0859756469727 -20.6849060058594 40.5917816162109 -0.144592239449731 0.57797541580881 -0.803142268226212 0.725339662383174 0.61399642516756 0.311272812907457 0.00676378374919295 -0.0342662706971169 -0.0335875935852528 0.0638280138373375 0.214008525013924 0.484333574771881
-22.5316467285156 -20.5397567749023 40.5222930908203 -0.545974414939958 0.755686991072593 -0.361730714419748 0.745302285029767 0.635300004939663 0.202282989035342 0.512414395809174 -0.302559912204742 -0.301765412092209 -0.403172224760056 0.307432740926743 0.0829010158777237
-22.241096496582 -20.2486801147461 40.2871131896973 -0.671579979814696 0.707562035514566 0.219855171898633 0.721775709408362 0.691789217795015 -0.0216218281053502 0.0777890980243683 -0.0252317171543837 -0.275130987167358 0.704356670379639 0.0613184086978436 0.118251644074917
-22.0676727294922 -19.8733978271484 40.0378379821777 -0.383831853251602 0.53164011093277 0.755004570103276 0.793642278280588 0.607888238991084 -0.0245728106230493 -0.382558345794678 0.667697429656982 0.568765580654144 0.825538337230682 -0.879871904850006 -0.157991707324982
-21.7833099365234 -19.4441604614258 39.9649047851562 -0.304532558574129 0.211205222029867 0.928790759512394 0.589901791892617 0.807415374237387 0.0098127145571206 -0.219325736165047 0.0473624765872955 0.555839240550995 -0.0507369488477707 -0.576203465461731 -0.48405048251152
-21.8879241943359 -18.9199829101562 39.9186553955078 0.0946450314726162 -0.0514452800708657 0.994180919740455 0.4403129787569 0.897832862297061 0.00454225909568853 0.181782215833664 0.236766293644905 0.281796365976334 -0.48696556687355 -0.703052520751953 0.472059518098831
-22.0163650512695 -18.4479446411133 40.0313262939453 0.720008607725927 -0.246258200563658 0.648802360858622 0.284069096713196 0.957590730503623 0.0482155695402097 0.324588418006897 0.501217901706696 0.525253236293793 0.250635713338852 0.215053215622902 -0.142862185835838
-22.0136260986328 -17.9298782348633 40.2874717712402 0.857634704673967 -0.449262984116888 0.250250843037914 0.391273925071537 0.885842575489442 0.249374511547081 -0.265102505683899 0.127419278025627 -0.455153733491898 -0.368172317743301 -0.0756661295890808 0.124855265021324
-21.8884887695312 -17.5104370117188 40.6418571472168 0.878485491791464 -0.452901488737672 -0.15212982025596 0.476228329429878 0.804524347808266 0.354890338037134 0.0249958019703627 -0.0926882103085518 0.36715504527092 -0.13820843398571 -0.266611188650131 -0.174770906567574
-21.5776901245117 -17.268440246582 40.9830551147461 0.651928064344287 -0.3465594267558 -0.674452639291301 0.592083937087806 0.788333170065551 0.167234638807281 -0.0349143855273724 0.439477413892746 0.485531270503998 0.365336537361145 0.205647066235542 -0.088905930519104
-21.1850967407227 -17.1214599609375 41.2594528198242 0.361157959615961 -0.0339462914985354 -0.931886569009089 0.449835363486719 0.881715547557867 0.142217576099098 0.161912709474564 0.307324200868607 0.553932130336761 0.0767081677913666 0.165624290704727 -0.396088361740112
-20.6798629760742 -16.9147033691406 41.2942123413086 -0.133545338569638 0.215891039848179 -0.967241800926528 0.652284773575139 0.753927306036851 0.0782188684017257 -0.113921582698822 -0.584861755371094 0.123311579227448 0.355062544345856 0.0303192175924778 -0.0266481433063745
-20.2231369018555 -16.802375793457 41.0816192626953 -0.638338649807056 0.665574691905665 -0.386696389506268 0.548472939791205 0.745755097720516 0.378188800125885 0.415801167488098 -0.565451741218567 0.133498176932335 -0.318680971860886 -0.151897832751274 0.990796685218811
-19.8763275146484 -16.4212875366211 40.8765830993652 -0.774056859349349 0.530411873399912 0.34568659657357 0.631460693189563 0.686251975343047 0.360992547422134 0.242224469780922 -0.33124366402626 0.136542320251465 0.253468424081802 0.141284629702568 0.0958094373345375
-19.650749206543 -15.9219207763672 40.8350524902344 -0.810164187788752 0.161364157496838 0.563556206158647 0.456515105011593 0.776754941587658 0.433872930263468 -0.0759108886122704 0.372808426618576 0.317435503005981 -0.253098249435425 -0.625017046928406 0.0679730474948883
-19.5596237182617 -15.3739242553711 40.833137512207 -0.684194452717655 -0.11013342839862 0.720935904792898 0.330230764117716 0.834599539738781 0.440898231679426 -0.165273249149323 0.0396460145711899 0.0601047836244106 0.393570870161057 -0.212043568491936 -0.264418214559555
-19.2164077758789 -15.068229675293 41.6404647827148 -0.759286224428155 0.461419679564238 -0.458885943023398 -0.57670133792424 -0.803806373483477 0.145982467384727 -0.597974359989166 0.528513550758362 -0.583666682243347 -0.362592220306396 0.157089620828629 -0.240125507116318
-19.6995391845703 -15.3438949584961 41.8183097839355 -0.29212825065243 0.334976415563285 -0.895796788444301 -0.763990694247788 -0.645179078667938 0.00788514755562005 0.0428486987948418 -0.727258205413818 -0.38413742184639 -0.229914739727974 0.282323658466339 0.371744632720947
-20.1837768554688 -15.5353927612305 41.7774238586426 0.388414864901454 0.0523494942233758 -0.919996425633351 -0.701452149725721 -0.630649940989673 -0.332032428498913 -0.138663977384567 -0.718780696392059 -0.0552516169846058 0.336450397968292 -0.114355377852917 0.438569247722626
-20.6099243164062 -15.6871719360352 41.4899978637695 0.785193950804216 -0.149964679771577 -0.600816989141848 -0.566923982291361 -0.564423915728015 -0.600019034412375 -0.666070938110352 0.242770954966545 0.0470997802913189 -0.222737058997154 -0.373473852872849 0.249511480331421
-20.756721496582 -15.6859741210938 41.0119361877441 0.647035169781557 -0.761679339592564 -0.0344974303910702 -0.61029695871133 -0.49025591338461 -0.622243329879174 -0.712315201759338 -0.201227620244026 -0.175892025232315 -0.0911862254142761 -0.155911818146706 -0.00352121703326702
-20.8971633911133 -16.050178527832 40.450008392334 0.643730635391778 -0.628181957683605 0.437033519422586 -0.529606927768217 -0.777944023645755 -0.338111813064499 0.0608785897493362 -0.200977310538292 0.394981980323792 -0.0935440734028816 0.404641270637512 -0.635000884532928
-20.9250564575195 -16.5460510253906 40.2128639221191 0.250765689991493 -0.325958146301196 0.911519531103409 -0.408782253629734 -0.889191115533273 -0.205514547353926 0.495158791542053 0.361483305692673 -0.398095726966858 0.145711198449135 0.0942623987793922 -0.227054551243782
-20.8056411743164 -17.0834884643555 40.0863838195801 -0.277697948673352 -0.0620606582207826 0.958661735965202 -0.29925409866233 -0.942670887077153 -0.147711147483766 0.250146836042404 0.0952620506286621 -0.0926154032349586 -0.194118723273277 0.00925084110349417 0.0861580818891525
-20.7100524902344 -17.6138763427734 40.1770095825195 -0.692111272196634 0.181451172595455 0.698611092713314 -0.273913802839026 -0.961510964973105 -0.0216308310231491 0.0549052357673645 0.209128811955452 -0.123383991420269 0.253513634204865 0.162546306848526 -0.164948806166649
-20.7946090698242 -18.0349807739258 40.4749031066895 -0.90927034962751 0.415037183948561 0.0311699731843549 -0.416102766176685 -0.904824116673846 -0.0902873516363517 1.2228376865387 -0.354130625724792 -0.316286474466324 0.408621281385422 0.317022413015366 -0.0674909502267838
-21.0322265625 -18.5639495849609 40.5281105041504 -0.817201490839149 0.575830211941851 0.0245212231602649 -0.576141928569304 -0.817312660042036 -0.00777778113952581 0.761434733867645 0.135690703988075 0.474199086427689 -0.338058173656464 -0.217395722866058 -0.0545238442718983
-21.2204666137695 -18.8115158081055 40.872386932373 -0.672802462634513 0.302635069085436 -0.67509174282655 -0.56393001532456 -0.800434592966232 0.203193012180595 -0.199733093380928 -0.151169404387474 0.0448133684694767 -0.351993024349213 0.0182186476886272 -0.193453893065453
-21.6371231079102 -18.9520263671875 41.117603302002 -0.221684095151192 0.0390413984872024 -0.974336662125141 -0.669726410540287 -0.732345086986804 0.123033363731607 0.445772260427475 -0.17579548060894 -0.0524066686630249 0.471404701471329 0.319827377796173 -0.0439966656267643
-22.107795715332 -19.1368942260742 41.0574111938477 0.208729611208783 -0.263247564862196 -0.941877204840819 -0.806019590736235 -0.591740865737324 -0.0132350733218402 -0.123747453093529 -0.206550255417824 -0.179321974515915 -0.586338937282562 -0.0326663628220558 -0.232039600610733
-22.6807556152344 -19.2370834350586 40.823356628418 0.55352381468014 -0.52897431826473 -0.64327098271126 -0.80128086599091 -0.548840303825547 -0.238166527231552 0.901966214179993 0.144065320491791 -0.49419566988945 0.247825026512146 -0.168266743421555 -0.3620924949646
-23.0485305786133 -19.4160919189453 40.4972610473633 0.727488471553204 -0.679448843580866 -0.0954452341073488 -0.660579712239564 -0.655997189008429 -0.365105644698263 0.202427878975868 -0.109163969755173 -0.126541197299957 0.0548003762960434 -0.384954810142517 0.099772110581398
-23.1175308227539 -19.5960693359375 40.0484237670898 0.325005698460013 -0.817713501935502 0.475095700591888 -0.612326878461541 -0.564799589716456 -0.553224382479358 0.301194489002228 -0.0270352605730295 -0.112291000783443 -0.223288297653198 -0.405409008264542 0.144711524248123
-23.3160934448242 -20.0026016235352 39.6294937133789 0.261945061931197 -0.561596779431621 0.7848527517069 -0.497357327463267 -0.775492188172158 -0.388905586103561 -0.186029627919197 0.0726408660411835 -0.215318500995636 0.0333210155367851 -0.107599146664143 -0.197087988257408
-23.257438659668 -20.4209899902344 39.3320236206055 -0.255199945092369 -0.264307328943374 0.930061623706553 -0.5548472416151 -0.747736815857474 -0.364738526458942 -0.262052625417709 -0.364312052726746 0.273857325315475 -0.260609716176987 -0.123157031834126 0.367660254240036
-23.256721496582 -20.9332733154297 39.3899688720703 -0.689458179791191 0.116578792419892 0.714882370377769 -0.40920395618345 -0.877061577452321 -0.251624942326193 -0.315245449542999 -0.0793331190943718 -0.399430990219116 0.280716300010681 0.10127354413271 -0.66034609079361
-23.3904342651367 -21.4369277954102 39.5055541992188 -0.77110533213918 0.563413113342752 0.29658427210483 -0.562401282544641 -0.821086587792185 0.0975787514776118 0.0404290370643139 -0.299329519271851 0.212911024689674 -0.0595594234764576 -0.198929026722908 -0.389391988515854
-23.6731491088867 -21.8457641601562 39.8422889709473 -0.690551000820464 0.645362338017526 -0.326568167362355 -0.667927465650285 -0.742234021649026 -0.0544201960369475 -0.668257653713226 -0.0858904272317886 -0.189702421426773 0.702203214168549 0.289354801177979 -0.135680556297302
-24.1431655883789 -22.011589050293 40.0378074645996 -0.28510516369488 0.392901061445842 -0.874267580063018 -0.668825635669236 -0.734909246534445 -0.112163578891796 0.337496787309647 0.315153509378433 -0.620240449905396 0.106625936925411 0.183580130338669 -0.473141551017761
-24.6855087280273 -22.0781860351562 40.1056022644043 0.110370848248732 -0.00173765314306267 -0.993888955778466 -0.815504226135212 -0.571779299407258 -0.0895616543223338 -0.550158560276031 0.21170000731945 0.309642136096954 -0.0425197221338749 -0.144951790571213 -0.18705415725708
-25.2210845947266 -22.0667190551758 39.9385261535645 0.439482144663882 -0.24070261758131 -0.865400308765337 -0.844806212642541 -0.438124311893978 -0.30716371922477 -0.29093337059021 0.115829795598984 0.236714348196983 -0.118864998221397 -0.117599219083786 0.375138640403748
-25.66259765625 -22.1288070678711 39.6933059692383 0.636549467153143 -0.608563486361552 -0.473767093553913 -0.750551582637488 -0.63012942169297 -0.19902068665655 0.542642772197723 0.221515864133835 0.379308611154556 0.275920569896698 0.396646857261658 0.126796051859856
-25.9911117553711 -22.3501205444336 39.3383522033691 0.649495373407101 -0.737486805191322 0.185118805342586 -0.743982117472167 -0.666646079823166 -0.0455369425635314 -0.263103932142258 -0.539737045764923 0.185393080115318 0.210475653409958 0.0873593166470528 0.330622464418411
-26.1836471557617 -22.6677932739258 39.044319152832 0.401706260009233 -0.572280425063113 0.714931602154344 -0.708566293481591 -0.688804905383867 -0.153237104060607 -0.702200829982758 -0.116048723459244 -0.0676502957940102 0.747680902481079 0.185797274112701 -0.0502460822463036
-26.2873611450195 -23.2174758911133 38.8206977844238 0.0665707802834768 -0.0668913028849565 0.99553698314568 -0.73056969306385 -0.682831669338379 0.00297236019923296 -0.307903945446014 -0.407810658216476 -0.0791739150881767 -0.117317885160446 0.00279580662027001 0.572226405143738
-25.8491897583008 -22.9313735961914 38.1730117797852 0.534951713667567 0.444734977056665 0.718357476627438 -0.774059404429499 -0.0827754129557112 0.627678476151812 -0.204058036208153 0.379088670015335 0.126521304249763 -0.185447126626968 0.445364862680435 -0.159905657172203
-27.1905975341797 -23.0103530883789 37.3656845092773 -0.935668802192302 -0.352178022166999 -0.0222381048330074 -0.343163464565692 0.922784161087084 -0.175237634753719 -0.568290948867798 0.0469736754894257 -0.151503071188927 0.323346257209778 -0.0940855592489243 0.275919616222382
-27.3463897705078 -22.7597198486328 37.0431632995605 -0.57971654699106 -0.0208676100351307 0.81455096095713 -0.157699121436025 0.983644186930064 -0.0870350539552894 -0.0804374441504478 -0.20894692838192 -0.382925093173981 -0.386371433734894 0.197047114372253 0.0624525956809521
-27.6917495727539 -22.3817520141602 36.9448890686035 0.163715126523948 -0.00933489383875248 0.986463490000652 -0.314235392263492 0.947375822047109 0.0611160375807633 -0.503893733024597 -0.460644692182541 -0.461226940155029 0.0670190453529358 0.235811427235603 0.627836227416992
-28.102912902832 -22.1206970214844 37.0518951416016 0.607198230849814 0.094429612363448 0.78891910660203 -0.384578029666708 0.903783779179542 0.187815386988442 0.198103323578835 -0.213749811053276 0.0416556857526302 -0.308863371610641 0.0202558245509863 -0.44399082660675
-28.2995452880859 -21.6793212890625 37.4421615600586 0.97391185772432 0.0495515372113406 0.221450532950265 -0.0955048904186695 0.974735893619918 0.201912737575166 0.245796576142311 0.285761803388596 -0.402297109365463 -0.0404118672013283 -0.221097216010094 0.0576179251074791
-28.2504730224609 -21.2624893188477 37.7418670654297 0.827507803900798 0.0809631477417029 -0.555585999815541 -0.040027714234521 0.995537501422194 0.0854568040311256 0.230072438716888 -0.375585913658142 -0.269125610589981 -1.10409450531006 0.333830893039703 0.0845582410693169
-28.0619277954102 -20.7915496826172 37.9398193359375 0.512737455261685 0.0368148623362654 -0.857755774030658 0.227803938633381 0.957435071974123 0.177266602881153 -0.427959322929382 -0.390348553657532 0.416963428258896 0.387284278869629 0.255349427461624 0.453497409820557
-27.6670074462891 -20.4460144042969 38.1093254089355 0.00574594655736435 0.115936679888521 -0.993239986284577 0.227055195049498 0.967162275520199 0.114206266078644 0.0912031978368759 -0.393141061067581 0.165340051054955 -0.0774825066328049 -0.248704642057419 0.230985730886459
-27.2819595336914 -20.0491180419922 38.0687484741211 -0.527626752983317 0.169496952976902 -0.832394613430329 0.200971658582486 0.97698060219168 0.0715492514830708 0.403070151805878 -0.387113571166992 0.150072664022446 -0.0172653831541538 -0.0529931075870991 -0.116770967841148
-27.0259399414062 -19.5797119140625 37.8486747741699 -0.95347629916388 0.0451559060165907 -0.298066923835188 -0.00947539153153622 0.983740939032864 0.179343195650305 -0.285180032253265 -0.523425936698914 -0.178377822041512 -0.274389147758484 0.135959193110466 0.0279943477362394
-27.0418701171875 -19.125244140625 37.6062965393066 -0.959505294553697 -0.11668153623376 0.256388394482966 -0.0750977871904958 0.983193924147138 0.166403214750323 0.134501770138741 0.310311168432236 -0.0463206619024277 -0.311709672212601 0.497115671634674 -0.836265385150909
-27.2522048950195 -18.6552581787109 37.4238739013672 -0.536656557453827 -0.295392662396349 0.790406803073079 -0.0938747380871765 0.951807988223768 0.291974463099922 -0.347458064556122 -0.312753558158875 -0.498071223497391 -0.186655476689339 0.0898130387067795 -0.0373721495270729
-27.3778686523438 -18.1168518066406 37.5427932739258 -0.173130891219448 -0.443891737651075 0.879196121323717 -0.219095602842923 0.88766686114862 0.405024271412779 -0.198927402496338 -0.193220749497414 0.0540578439831734 0.127693355083466 0.0681304931640625 -0.353453516960144
-27.7293472290039 -17.8436126708984 37.7148590087891 0.516346182929489 -0.170270811028308 0.839282116028877 -0.192273772298277 0.931964275735598 0.307365231018104 0.390904366970062 -0.0998134464025497 -0.0844996348023415 0.386211425065994 -0.428862869739532 0.32643449306488
-28.0730438232422 -17.5589065551758 38.1327934265137 0.898636960661256 0.059339411532227 0.434661301673509 -0.249434408249256 0.884177498891345 0.394984336949694 -0.533667683601379 0.484884887933731 -0.694753170013428 -0.0572512410581112 0.113441780209541 0.0455287471413612
-28.2440185546875 -17.2128372192383 38.5829467773438 0.99681566155453 0.0670119649351856 0.0432195954993878 -0.0790226513368836 0.902719224463846 0.422910655291495 0.0495733469724655 -0.0198981072753668 0.138379320502281 -0.0549220889806747 0.191711410880089 0.356334775686264
-28.1978988647461 -16.9751052856445 39.0540313720703 0.945789291660971 0.22454957566283 -0.234648894838826 -0.0331119727535539 0.785386093589068 0.618119957012611 -0.365261077880859 0.470694363117218 0.179988160729408 -0.0997075885534286 -0.0773086100816727 -0.236547604203224
-28.0589752197266 -16.7901992797852 39.4768981933594 0.474588764431076 0.620651112721913 -0.624145576730971 0.00285094085195836 0.708001413743252 0.70620526072369 0.457746148109436 0.313436955213547 0.165153175592422 -0.531190156936646 -0.46493062376976 0.333515197038651
-27.6703491210938 -16.5655975341797 39.828483581543 -0.171285400888492 0.627893622897543 -0.759217300755895 0.00329053857550926 0.770966026567111 0.636867771389952 0.0365236438810825 -0.304773092269897 -0.401210695505142 -0.178689077496529 0.0188259407877922 0.483096897602081
-27.3689422607422 -16.0887908935547 40.0021209716797 -0.58701198115808 0.499799490903805 -0.636880995845507 0.226105735908487 0.856591316300532 0.463818405227523 -0.0196466762572527 0.242980942130089 0.0563256703317165 0.0852973014116287 0.322975605726242 -0.493770271539688
-27.1770401000977 -15.5794906616211 40.011791229248 -0.996095808300535 0.0487299278596492 -0.0736106977069102 -0.00270094769109529 0.81663048905453 0.57715452803225 -0.684567749500275 -0.775749325752258 -0.220459848642349 -0.322324842214584 0.0440718047320843 -0.369623333215714
-27.2502899169922 -15.0055694580078 40.069637298584 -0.836894205747042 -0.47953764896632 0.263916145036416 -0.272794774812293 0.783417405936006 0.558426520601958 0.15303073823452 0.111342892050743 -0.0561493374407291 0.375243663787842 -0.110248558223248 0.0780124962329865
-27.5197830200195 -14.5546188354492 40.1384201049805 -0.466251251442751 -0.694414411019404 0.54808612124067 -0.322571959706114 0.710345415006628 0.6255851038751 -0.116014502942562 -0.585725784301758 0.120412968099117 0.183866500854492 -0.420159637928009 0.0201800595968962
-27.9062118530273 -14.1969528198242 40.232852935791 -0.00290257066806448 -0.597275903056169 0.802030592129724 -0.438951501273432 0.721396413537373 0.535638678649345 -0.109031945466995 0.368160486221313 -0.230098158121109 0.251901090145111 -0.110911078751087 -0.245184436440468
-28.3211364746094 -14.0650177001953 40.524040222168 0.46644440792924 -0.434972798900306 0.770213138376888 -0.444462998810631 0.637582089760183 0.629239001894589 0.697299599647522 -0.0561106689274311 0.0615591928362846 -0.0293269343674183 0.580450892448425 -0.1297317892313
-28.730827331543 -13.9685363769531 40.8820610046387 0.885767338078367 -0.030703240347231 0.463112873742183 -0.342767659817347 0.62948388294594 0.697323721448397 -0.3783218562603 0.417701631784439 -0.987834572792053 0.150192126631737 -0.349968016147614 -0.0139742996543646
-28.8732833862305 -13.904426574707 41.3681716918945 0.933426534427056 0.345740936084429 0.0958024526980346 -0.26477811853371 0.483684450595948 0.834231322953918 -0.136477589607239 -0.0943072214722633 0.0947100222110748 -0.415585696697235 0.199843481183052 0.173209249973297
-28.8916778564453 -13.8136367797852 41.9124183654785 0.862369217290574 0.481778347988756 -0.155592276411358 0.109227178762859 0.123039537218167 0.986372493382011 0.0547857657074928 0.674979567527771 0.110334299504757 0.263713955879211 0.0740335211157799 0.201009854674339
-28.8167114257812 -12.7441101074219 42.1106567382812 0.750656648018339 -0.318404892176129 0.578906660372964 0.392952980233663 -0.489229496416558 -0.778615730101495 -0.309557348489761 0.212178647518158 0.292679756879807 0.175371780991554 -0.190027058124542 -0.134888887405396
-28.4455184936523 -12.8722457885742 41.7732467651367 0.16091645452162 -0.612186506593406 0.774166374760072 0.336904142296594 -0.703203483017922 -0.626099401353219 -0.368790417909622 0.504167258739471 -0.0727940946817398 -0.257273256778717 -0.0650135725736618 -0.0646495521068573
-27.9962539672852 -13.1238174438477 41.6429481506348 -0.577881703367962 -0.740485473546133 0.343123884886643 0.317155026505834 -0.591147067160918 -0.741591419953823 0.0527159087359905 -0.11242887377739 -0.157030940055847 -0.317915916442871 -0.115719847381115 0.164060518145561
-27.7206573486328 -13.5417404174805 41.5567588806152 -0.95962815159388 -0.269285794666739 -0.0812340535687844 0.265372678869688 -0.771078041117957 -0.578805663254274 -0.0628674328327179 0.206857427954674 0.558467030525208 0.124168530106544 -0.210813954472542 -0.0720239952206612
-27.7142105102539 -14.0754776000977 41.4806480407715 -0.786031304650362 0.248059137251113 -0.566234450149303 0.224183591668237 -0.739225197041205 -0.635049466802486 0.0382363945245743 -0.179562300443649 0.052947074174881 -0.706091344356537 -0.0633118003606796 -0.231042861938477
