t = 0
b = 82 82 82
E = 0 0 0
0.5000202655792236 4.823178291320801 8.700202941894531 -0.5732634676676505 -0.7113637405345691 0.4066086881638501 -0.009515573557268063 -0.4904314942109324 -0.8714277958304454 0 0 0 0 0 0
0.7192294001579285 4.373831272125244 8.503433227539062 -0.944792274163407 -0.28103970349557694 0.16847624087762572 -0.00950546541734254 -0.4904407685099859 -0.8714226865939022 0 0 0 0 0 0
0.7230733036994934 3.8604209423065186 8.345062255859375 -0.9573785045764686 0.25605584799836956 -0.13364805154120535 -0.009516501238406444 -0.49042445226338066 -0.8714317488055748 0 0 0 0 0 0
0.5086829662322998 3.405378580093384 8.156230926513672 -0.6062391819507333 0.6958707326351341 -0.38501685382531947 -0.009515925209326793 -0.49043849688670593 -0.8714238509123554 0 0 0 0 0 0
0.15610019862651825 3.1089603900909424 7.879631042480469 -0.024781740618620818 0.8713128141372639 -0.49010187232055463 -0.009512935120531536 -0.49043577457642795 -0.8714254156730867 0 0 0 0 0 0
-0.20213155448436737 3.011157989501953 7.491313934326172 0.5660927681717649 0.7157310913681192 -0.4089840860872577 -0.009503360015828142 -0.4904349863254274 -0.871425963772246 0 0 0 0 0 0
-0.43132272362709045 3.0765063762664795 7.009769439697266 0.9418962023703009 0.28822756752128226 -0.17250047327810322 -0.009520075470297098 -0.4904286372368336 -0.8714293545325761 0 0 0 0 0 0
-0.44580844044685364 3.2075562477111816 6.488903045654297 0.9598607043790179 -0.24877680063462157 0.12952811144696386 -0.00951409135611666 -0.49042721385628857 -0.8714302209441819 0 0 0 0 0 0
-0.24149389564990997 3.28189754486084 5.997562408447266 0.6131564555241684 -0.6912668006352531 0.3823471869761036 -0.009516461360696631 -0.49043594284779984 -0.8714252824689906 0 0 0 0 0 0
0.08570795506238937 3.1980371475219727 5.593910217285156 0.06164037657050503 -0.8700891414357067 0.48902489704709423 -0.009538374330435289 -0.490447732112483 -0.871418407816162 0 0 0 0 0 0
0.42575961351394653 2.9327516555786133 5.292228698730469 -0.5112883149608399 -0.7465456391814023 0.425739201394159 -0.009527435916983316 -0.4904316551526511 -0.8714275756418769 0 0 0 0 0 0
0.6592019200325012 2.5117998123168945 5.079322814941406 -0.9065446618874672 -0.3635412599486471 0.21450997253808068 -0.00953102343106173 -0.4904264031861355 -0.8714304921508467 0 0 0 0 0 0
0.7036145329475403 2.015049934387207 4.911140441894531 -0.9867469002519309 0.14577865277287652 -0.07126808008450257 -0.009515918586329924 -0.4904333573633558 -0.8714267434952666 0 0 0 0 0 0
0.5422776341438293 1.5486918687820435 4.728096008300781 -0.7240331212048958 0.604460838721609 -0.3322696703737274 -0.009519094611435146 -0.4904245717333538 -0.8714316532453563 0 0 0 0 0 0
0.22997216880321503 1.2083712816238403 4.475765228271484 -0.20970452831745995 0.8530660102611788 -0.4778099966934827 -0.009507824523077833 -0.49043180477284487 -0.8714277056303 0 0 0 0 0 0
-0.12605923414230347 1.0459262132644653 4.123809814453125 0.3775038475086691 0.8052093581049546 -0.45730595309525346 -0.009543717307825475 -0.49043729079566356 -0.8714242257689181 0 0 0 0 0 0
-0.4033781886100769 1.051381230354309 3.676494598388672 0.8335178237426114 0.4775413595496431 -0.27785299606601205 -0.00950474551659785 -0.49043963322255085 -0.871423333390376 0 0 0 0 0 0
-0.5068976283073425 1.1564074754714966 3.171245574951172 0.9998687067183685 -0.01609802319434915 -0.0018501282581183268 -0.009508596163139638 -0.49043925473039074 -0.8714235043986966 0 0 0 0 0 0
-0.4019286036491394 1.258076786994934 2.6656036376953125 0.8187400333319073 -0.504131945741014 0.2748012720186111 -0.009517556960948232 -0.4904613704630536 -0.8714109594175405 0 0 0 0 0 0
-0.12624233961105347 1.254628300666809 2.217266082763672 0.3530824251266262 -0.8169811490574416 0.45593267392399406 -0.00951769393150668 -0.49043115823799704 -0.8714279617567726 0 0 0 0 0 0
0.22306565940380096 1.080830693244934 1.8639984130859375 -0.2352756533866839 -0.845906996360542 0.47863004547537014 -0.009491041457411895 -0.49043078624896325 -0.8714284617977986 0 0 0 0 0 0
0.5233166813850403 0.7306452989578247 1.6105308532714844 -0.7418786874796058 -0.5808553371314014 0.33499714982295475 -0.009513658798930411 -0.49042902896657564 -0.8714292041486557 0 0 0 0 0 0
0.6688740849494934 0.25935086607933044 1.4269142150878906 -0.9906548019277359 -0.11395469029107715 0.07494926269272288 -0.009515189711439512 -0.4904291481104984 -0.871429120381208 0 0 0 0 0 0
0.6078675389289856 -0.23570527136325836 1.2589263916015625 -0.8951632580477674 0.3925520906625757 -0.21115301929583544 -0.009513915541915234 -0.49043386670661016 -0.871426478710777 0 0 0 0 0 0
0.36020785570144653 -0.6489094495773315 1.0469093322753906 -0.4885756409483158 0.7626396506363744 -0.42388041515169234 -0.009512458952791973 -0.49043772935255575 -0.8714243207256617 0 0 0 0 0 0
-0.06568021327257156 -1.332041621208191 0.5537071228027344 0.09574487713821399 -0.11687382657270476 -0.9885208278858072 -0.04539632057209274 -0.9925625420285115 0.11295474421384658 0 0 0 0 0 0
-0.44226139783859253 -1.8110569715499878 0.347412109375 0.6875100795821566 -0.021896456239156155 -0.7258446360462434 -0.03372059315350706 -0.9994296960830423 -0.0017900236684354573 0 0 0 0 0 0
-0.6289049983024597 -2.194186210632324 0.038547515869140625 0.976673988295526 -0.03258708462968736 -0.21224043559663217 -0.03373906838505615 -0.9994290413870884 -0.0018073451785075635 0 0 0 0 0 0
-0.6119009852409363 -2.5841169357299805 -0.31456756591796875 0.926419268211433 -0.031929000540557737 0.3751371461360153 -0.033725666253093325 -0.9994295478574794 -0.0017771621139735735 0 0 0 0 0 0
-0.40172451734542847 -2.9807004928588867 -0.5894622802734375 0.5542289480432165 -0.02018929483137799 0.8321193817747072 -0.033723740622031956 -0.9994295950616036 -0.0017871299496722897 0 0 0 0 0 0
-0.07598371058702469 -3.381495475769043 -0.6908531188964844 -0.010585857893431397 -0.0014400429427071228 0.9999429313160744 -0.03371578388364632 -0.9994298471915282 -0.0017962349038989295 0 0 0 0 0 0
0.2475464791059494 -3.7825918197631836 -0.583740234375 -0.5717179035336756 0.01782420228647074 0.8202566284961736 -0.03373325954789423 -0.9994292607695927 -0.0017944129458640089 0 0 0 0 0 0
0.45186930894851685 -4.1799726486206055 -0.30559539794921875 -0.9341616478258211 0.030889509619347836 0.35551069453227807 -0.03373090348005607 -0.9994293387684797 -0.0017952602091905695 0 0 0 0 0 0
0.46140414476394653 -4.5709099769592285 0.046680450439453125 -0.9719636642244424 0.03321651010405536 -0.23277306305477558 -0.03372517410298925 -0.9994295318946589 -0.0017953853475872726 0 0 0 0 0 0
0.26827555894851685 -4.954923152923584 0.3504219055175781 -0.6719905433727213 0.024004140977398867 -0.7401705957639574 -0.033717695112723385 -0.9994297755172418 -0.0018002349405354821 0 0 0 0 0 0
-0.06497449427843094 -5.333930492401123 0.49982452392578125 -0.13848332138285724 0.006456379207701808 -0.9903437205669043 -0.033713501150992455 -0.9994299150175506 -0.0018013351031489339 0 0 0 0 0 0
-0.42709797620773315 -5.711588382720947 0.44272613525390625 0.44315450133279066 -0.013361070468416118 -0.8963456753643784 -0.033753974741137296 -0.9994285686154968 -0.0017903698931062853 0 0 0 0 0 0
-0.6968218684196472 -6.09203577041626 0.19873046875 0.8707790808292448 -0.02849586898966596 -0.49084801908604997 -0.03371533857373195 -0.9994298720466932 -0.0017907555917543794 0 0 0 0 0 0
-0.7849738001823425 -6.478418827056885 -0.14760971069335938 0.9957888743140905 -0.033769607614215796 0.08522987383457965 -0.03373840246987861 -0.9994290646788672 -0.0018068962076699473 0 0 0 0 0 0
-0.6654898524284363 -6.871852397918701 -0.47618865966796875 0.7747379125600029 -0.027284567724633713 0.6316935326614078 -0.03372437306552702 -0.9994295380433438 -0.0018069719991476209 0 0 0 0 0 0
-0.38446110486984253 -7.270968914031982 -0.6730461120605469 0.284454375444154 -0.011329636038871719 0.9586226304640962 -0.0337011919642853 -0.9994303114413238 -0.0018116932646178932 0 0 0 0 0 0
-0.044121451675891876 -7.67244291305542 -0.6700172424316406 -0.30469014546439055 0.008573509372006674 0.9524129410050751 -0.033722782539728914 -0.9994296193164097 -0.001791639147430084 0 0 0 0 0 0
0.2428920716047287 -8.072498321533203 -0.454925537109375 -0.8049524181292735 0.0260972692156221 0.5927651618367283 -0.03372100802581407 -0.9994296810038479 -0.0017906273398491318 0 0 0 0 0 0
0.346416175365448 -8.466605186462402 -0.10471343994140625 -0.9994003859441298 0.03371000394555961 0.007905960328416131 -0.03372517994156742 -0.9994295339528386 -0.0017941295161482398 0 0 0 0 0 0
0.22212688624858856 -8.85302734375 0.2472991943359375 -0.8141600802858582 0.02851253233096791 -0.5799399961797774 -0.033724360998530656 -0.9994295654484151 -0.0017919773529432583 0 0 0 0 0 0
-0.08774984627962112 -9.232951164245605 0.4671173095703125 -0.31960516222458346 0.012483632081910865 -0.9474685742595588 -0.03372066462000374 -0.9994296875736719 -0.001793425208366095 0 0 0 0 0 0
-0.470480352640152 -9.610028266906738 0.4709587097167969 0.29637249250413217 -0.008289799946247298 -0.9550364521334981 -0.03372744000873374 -0.999429462651489 -0.0017913611062529199 0 0 0 0 0 0
-0.7856526374816895 -9.988995552062988 0.25710296630859375 0.7997504054170602 -0.025911240022627274 -0.5997732043662318 -0.033725347457898854 -0.9994295303016688 -0.0017930141745395379 0 0 0 0 0 0
-0.9185211658477783 -10.373868942260742 -0.093475341796875 0.9992938198455682 -0.033688546760261305 -0.01664161757867119 -0.03372296960051629 -0.99942961213049 -0.0017921266756117345 0 0 0 0 0 0
-0.8236006498336792 -10.7664213180542 -0.447845458984375 0.8191840989222922 -0.02866976857559213 0.5728136315091445 -0.033723271799895975 -0.9994295978844219 -0.0017943833740935364 0 0 0 0 0 0
-0.541946530342102 -11.165508270263672 -0.6716423034667969 0.3278552231556338 -0.012760145872634984 0.9446418005396958 -0.033721099734893255 -0.9994296670267518 -0.0017966912549221162 0 0 0 0 0 0
-0.18555773794651031 -11.567503929138184 -0.6801071166992188 -0.2880332660135754 0.007998965168768944 0.9575869956436239 -0.033723071316719797 -0.9994296033634991 -0.00179509934161853 0 0 0 0 0 0
0.10517405718564987 -11.967676162719727 -0.4702949523925781 -0.7944885710995285 0.02571809116025251 0.6067342830097061 -0.033722277199666306 -0.9994296319545531 -0.0017940991208220077 0 0 0 0 0 0
0.21480129659175873 -12.361985206604004 -0.12217330932617188 -0.9991111076678667 0.03366708451475174 0.02536773452566805 -0.03372334179129271 -0.9994295979855933 -0.001793011094040451 0 0 0 0 0 0
0.09668111801147461 -12.748620986938477 0.23172760009765625 -0.8241521106011382 0.028824844991396415 -0.5656345347509389 -0.03372258382658546 -0.9994296182401853 -0.0017959744809904977 0 0 0 0 0 0
-0.2093043178319931 -13.128684997558594 0.4566917419433594 -0.33608160960644684 0.013031943662412964 -0.9417427037831085 -0.03372175114753591 -0.9994296465180247 -0.0017958731580954177 0 0 0 0 0 0
-0.5918996334075928 -13.505779266357422 0.46698760986328125 0.27966776764564555 -0.007712779878097133 -0.9600658585569292 -0.03372190634539935 -0.9994296442879693 -0.001794199223920425 0 0 0 0 0 0
-0.9107441902160645 -13.884631156921387 0.2584342956542969 0.7891714594197003 -0.025527496613714052 -0.6136422040195875 -0.03372511004204616 -0.9994295333652254 -0.0017957700352529528 0 0 0 0 0 0
0.15942251682281494 -10.800824165344238 0.23952865600585938 -0.8191885616774678 0.02866992606667844 -0.572807241361466 0.03372569316732562 0.9994295223390232 0.0017909487920581176 0 0 0 0 0 0
0.2806313931941986 -10.41429615020752 -0.11344146728515625 -0.9992938981553159 0.03369093295836755 0.016632081828431962 0.03372529363491464 0.9994295380427423 0.0017897086103406776 0 0 0 0 0 0
0.1740511953830719 -10.020088195800781 -0.46262359619140625 -0.7997504054170602 0.025911240022627274 0.5997732043662318 0.03372431980891301 0.9994295674390282 0.0017916422810269636 0 0 0 0 0 0
-0.11483276635408401 -9.619974136352539 -0.6750831604003906 -0.2963725153512491 0.008287415882519522 0.9550364657343527 0.03372392222468496 0.9994295788431806 0.001792764102215178 0 0 0 0 0 0
-0.4712749421596527 -9.217970848083496 -0.6698455810546875 0.31960229108780397 -0.012483519209079641 0.9474695442490926 0.033723840486653556 0.999429582373023 0.001792333818189201 0 0 0 0 0 0
-0.7548633217811584 -8.81881332397461 -0.44863128662109375 0.8141555836507488 -0.02851237420292599 0.5799463165911314 0.03372483818280845 0.9994295506033399 0.0017912761790079789 0 0 0 0 0 0
-0.8528642654418945 -8.426155090332031 -0.09521865844726562 0.9994003909113202 -0.03370761867076713 -0.007915496816165431 0.03372280475591261 0.9994296162676329 0.0017929212270930328 0 0 0 0 0 0
-0.7230518460273743 -8.041180610656738 0.2563896179199219 0.8049524115718084 -0.026097269606908658 -0.5927651707242881 0.03372399617143199 0.9994295728935794 0.0017946888272997532 0 0 0 0 0 0
-0.3077971339225769 -7.665633678436279 0.4959526062011719 0.13476879666194103 -0.002775207863036013 -0.9908731854619991 0.033721425220672806 0.9994296729137674 0.0017872830124756904 0 0 0 0 0 0
0.05411272495985031 -7.287761211395264 0.4388999938964844 -0.4465082454047593 0.01667025340178838 -0.8946242168849909 0.03372286906573732 0.99942961567121 0.0017920438813030036 0 0 0 0 0 0
0.32292109727859497 -6.906409740447998 0.19530868530273438 -0.8726070793379904 0.030317359649421536 -0.4874810178797833 0.03371812868992481 0.9994297615791221 0.0017998520908324776 0 0 0 0 0 0
0.4097779393196106 -6.518736362457275 -0.14992141723632812 -0.9954637185424582 0.033435820246710345 0.0890731777251211 0.03372849432795165 0.9994294433903428 0.0017822331045782415 0 0 0 0 0 0
0.2890694737434387 -6.124094486236572 -0.4765892028808594 -0.7723663703204584 0.024928990577868793 0.6346879039549824 0.033729375392129356 0.9994293981444824 0.0017909104429487954 0 0 0 0 0 0
0.007310204673558474 -5.724249362945557 -0.6709060668945312 -0.28086999717945144 0.00774386374139931 0.9597145811431488 0.033745655720124425 0.9994288111281424 0.0018116862330611026 0 0 0 0 0 0
-0.33301419019699097 -5.322799205780029 -0.6651153564453125 0.308255050896438 -0.012102170242849613 0.951226766377107 0.033712788095998536 0.9994299586107583 0.001790460860353341 0 0 0 0 0 0
-0.6090647578239441 -4.9238600730896 -0.4609832763671875 0.7902370162882754 -0.027770935062655686 0.6121717350985341 0.03373270130398553 0.9994292802933266 0.001794033193578867 0 0 0 0 0 0
-0.7203356623649597 -4.5307183265686035 -0.12919998168945312 0.9976048156720185 -0.033769607998260676 0.060367585040663675 0.03372205302829448 0.9994296168855403 0.0018066631061906201 0 0 0 0 0 0
-0.6235930323600769 -4.144614219665527 0.2151641845703125 0.8582775681771517 -0.028047560475383617 -0.5124187255704988 0.033722212828555 0.9994296615964801 0.001778730752882441 0 0 0 0 0 0
-0.34788960218429565 -3.764357566833496 0.4526824951171875 0.42068183576971185 -0.012569499886375029 -0.9071211609956146 0.03372762203728779 0.9994294539626776 0.0017927809610180025 0 0 0 0 0 0
0.015532784163951874 -3.386721611022949 0.5010604858398438 -0.1631160959115146 0.007276564297044327 -0.9865800478758002 0.03372721851793078 0.9994294635072786 0.0017950500263864723 0 0 0 0 0 0
0.3449414372444153 -3.007571220397949 0.3437156677246094 -0.6902208992571789 0.02459525488982308 -0.7231806023847127 0.033744376908994 0.9994289041589474 0.001783972721050031 0 0 0 0 0 0
0.5304310917854309 -2.623293876647949 0.03558349609375 -0.9774609753185161 0.03335955843601494 -0.2084638615931534 0.03372864087253429 0.9994294336234241 0.0017849347477060019 0 0 0 0 0 0
0.5121071934700012 -2.2320547103881836 -0.3160209655761719 -0.9250064942884796 0.03052710012706408 0.37872296165134917 0.03372651383194344 0.9994294503973099 0.001815473292257314 0 0 0 0 0 0
0.3009064793586731 -1.8344563245773315 -0.5886497497558594 -0.5511022414976806 0.01709933443183031 0.8342625079543132 0.033725527687482486 0.9994295225211015 0.0017939608257127252 0 0 0 0 0 0
0.07082300633192062 -1.340819239616394 -0.6258926391601562 -0.10538241240511015 -0.0022792915612564824 0.9944291588573105 0.033276917645006544 0.9994292405896894 0.005817199185544069 0 0 0 0 0 0
-0.002628990216180682 -0.5637921094894409 -1.0865097045898438 -0.08808660305015663 0.80155806568688 0.5913927778519041 0.05683435340435013 0.5967777004219335 -0.8003912996480025 0 0 0 0 0 0
-0.29291409254074097 -0.3144596815109253 -1.3276481628417969 0.4337363675473627 0.7685670983872016 0.4702949911954161 0.010991291149766495 0.5173950874929446 -0.8556760572535783 0 0 0 0 0 0
-0.5479323267936707 0.09451781958341599 -1.5391311645507812 0.865903202090644 0.4230405029941802 0.26692391694188855 0.01099007008336915 0.517403632554695 -0.8556709060022838 0 0 0 0 0 0
-0.6223990321159363 0.591706395149231 -1.6949577331542969 0.9971536293486359 -0.06950393557921243 -0.029220582058604862 0.01099017733521637 0.5174094641182516 -0.855667378391279 0 0 0 0 0 0
-0.48894375562667847 1.074402928352356 -1.8568801879882812 0.7818682080063634 -0.5378901162657328 -0.31520838842352317 0.010995060624950485 0.5174105171574974 -0.8556666788981938 0 0 0 0 0 0
-0.1924578696489334 1.4449435472488403 -2.0845260620117188 0.2948616726715114 -0.8193583329631572 -0.49163860323737235 0.01097171925913383 0.5173831481844117 -0.8556835275680408 0 0 0 0 0 0
0.16550950706005096 1.6446315050125122 -2.4146881103515625 -0.29460956282395284 -0.8160700434012464 -0.4972272013433769 0.010988385698517547 0.5173928620065184 -0.8556774402334356 0 0 0 0 0 0
0.46204692125320435 1.674164891242981 -2.8485260009765625 -0.7817007441716092 -0.5291858711841019 -0.33000948516773787 0.010965625589086755 0.5174106157746895 -0.8556669969907083 0 0 0 0 0 0
0.5955899357795715 1.5933505296707153 -3.3511734008789062 -0.9971341270967407 -0.05838394036355134 -0.048112868202240526 0.010994720843138975 0.5173751040418448 -0.8556880961140406 0 0 0 0 0 0
0.5212166905403137 1.5003634691238403 -3.863861083984375 -0.8660388116066658 0.4326903509348972 0.2505111514458974 0.01099238702078639 0.5174025556610056 -0.8556715274116846 0 0 0 0 0 0
0.26626330614089966 1.4975978136062622 -4.324310302734375 -0.4339756024274091 0.7734031728664041 0.46207435407945574 0.011002228753087036 0.5174004000326604 -0.8556727043727105 0 0 0 0 0 0
-0.07918233424425125 1.656098484992981 -4.688407897949219 0.14890091422828444 0.845340467101081 0.513057513757773 0.010977139710021674 0.517396483035167 -0.8556753950807671 0 0 0 0 0 0
-0.3935782313346863 1.9908647537231445 -4.945529937744141 0.6800327130668956 0.6234991086848078 0.38575169556092365 0.011005072512835817 0.5173941962141088 -0.8556764190410671 0 0 0 0 0 0
-0.5661799311637878 2.4556360244750977 -5.122215270996094 0.9748401284073218 0.18498421026096046 0.12436866969186912 0.010987768751770897 0.5173876274041193 -0.8556806132821954 0 0 0 0 0 0
-0.5355135798454285 2.958981513977051 -5.272968292236328 0.9308644823778607 -0.3178209089301956 -0.18022537361365562 0.010991938968257066 0.5174128106057279 -0.8556653321823897 0 0 0 0 0 0
-0.31074780225753784 3.3960561752319336 -5.4613037109375 0.5634003737087631 -0.7101706829906502 -0.4221819748940254 0.010978036272001848 0.5173922770192507 -0.8556779267928123 0 0 0 0 0 0
0.031493477523326874 3.6850500106811523 -5.737663269042969 0.000133514407889765 -0.8557224503957661 -0.5174350877767844 0.011017146699261654 0.5174049476637975 -0.8556697625904693 0 0 0 0 0 0
0.38760483264923096 3.7872188091278076 -6.126804351806641 -0.5862271597856593 -0.6898932019508641 -0.42471765566270375 0.01102577792156476 0.517405203123745 -0.8556694969447611 0 0 0 0 0 0
0.6100844740867615 3.732126474380493 -6.612762451171875 -0.949872997229526 -0.26196603234752597 -0.17063143623111163 0.011012494144927047 0.517408175634387 -0.8556678705896368 0 0 0 0 0 0
0.6160405874252319 3.617319107055664 -7.137611389160156 -0.9526449184034522 0.2654888042596583 0.1482678463216376 0.011016731694332881 0.5173996716040784 -0.8556729582304017 0 0 0 0 0 0
0.4048413932323456 3.5630300045013428 -7.628665924072266 -0.5934889017395512 0.6920780297517126 0.4108514625104417 0.011020590297083153 0.5174146832276664 -0.8556638312853464 0 0 0 0 0 0
0.05835609883069992 3.6665003299713135 -8.026065826416016 -0.0088593292330025 0.8557396298127644 0.5173308402303639 0.011010106171731544 0.5174032600278221 -0.8556708736860624 0 0 0 0 0 0
-0.29014864563941956 3.965036153793335 -8.305538177490234 0.5791368916954265 0.6942886699554667 0.4272747400079122 0.01100956259882103 0.5174067114200511 -0.8556687936981636 0 0 0 0 0 0
-0.5066390633583069 4.421835422515869 -8.487617492675781 0.9471094084993379 0.26906466614543034 0.1748941787598507 0.011021318345349843 0.5173992574928583 -0.8556731495657494 0 0 0 0 0 0
-0.5072356462478638 4.939967632293701 -8.629825592041016 0.9552598919340366 -0.2583802599722231 -0.14393811211371013 0.011015488139890112 0.5174018279932914 -0.8556716703328682 0 0 0 0 0 0
-0.2900806665420532 5.3992018699646 -8.804847717285156 0.6004894261818525 -0.6876610341901884 -0.4080866955688094 0.011017282218786256 0.5174092126177985 -0.855667181905875 0 0 0 0 0 0
0.06395598500967026 5.70168399810791 -9.072891235351562 0.017583770479294568 -0.8556867730562483 -0.5171952797854174 0.011018567182804955 0.5174096811565843 -0.8556668820415337 0 0 0 0 0 0
0.4220008850097656 5.809111595153809 -9.458831787109375 -0.5720041753256006 -0.6986276868449306 -0.42980295320504847 0.011001998106504134 0.5174079357049007 -0.8556681506911764 0 0 0 0 0 0
0.6496577858924866 5.75728702545166 -9.942741394042969 -0.9442745603072402 -0.27614330268631043 -0.1791380225917013 0.011022408835558375 0.5173968475122401 -0.8556745927558311 0 0 0 0 0 0
0.6620670557022095 5.642515659332275 -10.467491149902344 -0.9578021314315941 0.2512513730369547 0.13959879860564867 0.011014214847618942 0.5174085556461101 -0.8556676186554548 0 0 0 0 0 0
0.4561452269554138 5.585017204284668 -10.96041488647461 -0.607444520828365 0.6831905165067672 0.4052923294004152 0.011016353113393766 0.517407172593718 -0.8556684274370859 0 0 0 0 0 0
0.11175645142793655 5.683252334594727 -11.360954284667969 -0.02630774813812231 0.85557247165853 0.5170141662740154 0.011025399821120134 0.5174100473579178 -0.8556665725923048 0 0 0 0 0 0
-0.23862917721271515 5.976515769958496 -11.643638610839844 0.5648250534896446 0.7029137516348981 0.43230188145897863 0.011006803594399614 0.5174046723531871 -0.8556700621745075 0 0 0 0 0 0
0.6390761733055115 4.62991189956665 -8.802555084228516 -0.9552599245223252 0.2583801680244972 0.14393806089160024 -0.01101531177640615 -0.5174013530796678 0.8556719597706808 0 0 0 0 0 0
0.6298930644989014 4.744713306427002 -8.277748107910156 -0.9471109843260347 -0.269065124405826 -0.17488493988176002 -0.011012115751722477 -0.5174007960396337 0.8556723377346169 0 0 0 0 0 0
0.4048161804676056 4.798181533813477 -7.792808532714844 -0.5791373727520593 -0.6942882151802477 -0.4272748269482635 -0.011017726440492256 -0.5174020208448447 0.855671524902958 0 0 0 0 0 0
0.047724928706884384 4.693386554718018 -7.405265808105469 0.008859324439293133 -0.8557394703156344 -0.5173311041435619 -0.011017348772606442 -0.5174035374912774 0.8556706126878119 0 0 0 0 0 0
-0.30734682083129883 4.393526077270508 -7.135650634765625 0.5934907771812692 -0.6920811820364522 -0.41084344326251576 -0.011019284255602474 -0.5174048584101465 0.8556697890355078 0 0 0 0 0 0
-0.527132511138916 3.935905694961548 -6.959686279296875 0.9526449115140692 -0.2654888231034245 -0.14826785684533794 -0.011019735910198638 -0.5174077117327334 0.8556680578705544 0 0 0 0 0 0
-0.529762864112854 3.4177675247192383 -6.8175201416015625 0.9498729899472305 0.2619660508871422 0.17063144830688085 -0.011014426414927982 -0.5174031397103747 0.8556708908386428 0 0 0 0 0 0
-0.3158697187900543 2.9593443870544434 -6.6364593505859375 0.5862295831356197 0.6898959661550244 0.42470982063011314 -0.011015482769801513 -0.5174030171348515 0.855670951358699 0 0 0 0 0 0
0.1358349770307541 2.6653947830200195 -6.352874755859375 -0.1737680509983426 0.8436970276420975 0.507917306261686 -0.010994857251595594 -0.5173937947082896 0.8556767931359208 0 0 0 0 0 0
0.4462655186653137 2.6000680923461914 -5.932888031005859 -0.6982933532750563 0.616477245992233 0.363788672096465 -0.010993079924407923 -0.5173943035445135 0.8556765082982374 0 0 0 0 0 0
0.6110909581184387 2.6632814407348633 -5.437046051025391 -0.980139377128712 0.17502784106544084 0.09323119785624964 -0.011001365515784489 -0.5173951658280247 0.8556758804211902 0 0 0 0 0 0
0.5715458989143372 2.762986183166504 -4.921760559082031 -0.9213688456240849 -0.32725512481166213 -0.20972251571503908 -0.010988463902251664 -0.5174169359803583 0.8556628822274381 0 0 0 0 0 0
0.33988314867019653 2.7944536209106445 -4.4502105712890625 -0.5424039373614171 -0.7158110965604744 -0.4397868151453874 -0.010990976881488751 -0.517391375403407 0.855678305840087 0 0 0 0 0 0
-0.0048796613700687885 2.6766672134399414 -4.070354461669922 0.025062591338943983 -0.8556091002795996 -0.5170154098613607 -0.010983426181087566 -0.5173823223728526 0.855683876700618 0 0 0 0 0 0
-0.3444144129753113 2.3804712295532227 -3.7983169555664062 0.5838205110328143 -0.6980515199004643 -0.41458133877688647 -0.011006253923614595 -0.5173998256089455 0.855672999944723 0 0 0 0 0 0
-0.5622183680534363 1.938725471496582 -3.6127166748046875 0.9396830110853921 -0.29790879190668035 -0.1680660298281397 -0.010996317446965052 -0.5174115420143216 0.8556660430290357 0 0 0 0 0 0
-0.584082305431366 1.4348613023757935 -3.4621620178222656 0.9689845913568209 0.20575494415628778 0.13687134348832103 -0.010996988500526406 -0.5174124582953006 0.8556654803395619 0 0 0 0 0 0
-0.40390080213546753 0.9739009737968445 -3.2830657958984375 0.6615435349878445 0.6379207573457688 0.394229956577614 -0.010985374438037708 -0.5174051244106872 0.8556700642081723 0 0 0 0 0 0
-0.08577794581651688 0.6459552049636841 -3.0217742919921875 0.12420294071216743 0.848396837355379 0.5145837501163835 -0.01099932431990075 -0.5173902899098929 0.8556788549283326 0 0 0 0 0 0
0.2582409977912903 0.4949084222316742 -2.6531906127929688 -0.4562970272097454 0.7640318348204093 0.45612320522037414 -0.010982955729654933 -0.5173940553150351 0.8556767884009142 0 0 0 0 0 0
0.5071156620979309 0.5031787157058716 -2.1894912719726562 -0.8782316042428027 0.4141438815135325 0.23915286892282647 -0.010966933762336465 -0.5173824820357239 0.8556839916969384 0 0 0 0 0 0
0.5728676915168762 0.5977984666824341 -1.6759223937988281 -0.9949571385907492 -0.07965117490094804 -0.060958860752210416 -0.011001371489016119 -0.5174295046268469 0.8556551160175323 0 0 0 0 0 0
0.4311574101448059 0.675812840461731 -1.1750679016113281 -0.7659093949791056 -0.5457873795408329 -0.3398513425259512 -0.01098400785325624 -0.5173980488383054 0.8556743601568263 0 0 0 0 0 0
0.12974481284618378 0.6400195360183716 -0.7450790405273438 -0.2706918320168884 -0.8222323009670046 -0.500659540332396 -0.010989316267130282 -0.5174028412838123 0.8556713941458014 0 0 0 0 0 0
-0.22811193764209747 0.43278226256370544 -0.4194831848144531 0.3185954149531997 -0.8129441213054647 -0.4874616058785392 -0.010995041928956123 -0.5173940733740087 0.8556766222647617 0 0 0 0 0 0
-0.3125292658805847 0.21536743640899658 0.567840576171875 0.6326525921541006 -0.6778233673865683 0.37457466580834137 0.009509533393619839 0.49043723806125256 0.8714246291547457 0 0 0 0 0 0
-0.5045954585075378 0.1507197618484497 1.0535926818847656 0.9589429522232898 -0.25149211202061356 0.13107300245547238 0.00950743670525333 0.49042567239077517 0.8714311610835086 0 0 0 0 0 0
-0.49670666456222534 0.03363143280148506 1.5666732788085938 0.9519796425796597 0.26225041637436497 -0.15798569310344415 0.009515219639185783 0.4904285496329898 0.871429456869631 0 0 0 0 0 0
-0.29031819105148315 -0.028773199766874313 2.04681396484375 0.6141795956979728 0.6848420267666807 -0.3921413298829643 0.009516038126127958 0.4904427558257762 0.8714214527290456 0 0 0 0 0 0
0.044135384261608124 0.05162154510617256 2.4451866149902344 0.06293784959065485 0.8694378748443541 -0.4900169475385898 0.00951068734926548 0.49044556692790486 0.8714199290278544 0 0 0 0 0 0
0.3917115330696106 0.31330594420433044 2.7413864135742188 -0.5101719813195857 0.7518947472719789 -0.41758692328814034 0.009525412919732228 0.49043508281347087 0.8714256686915143 0 0 0 0 0 0
0.6329110264778137 0.7317706346511841 2.950511932373047 -0.9059914324067373 0.3730396976870664 -0.2000522640589967 0.009523503511226548 0.49044978476172313 0.8714174151966733 0 0 0 0 0 0
0.6851990818977356 1.2280207872390747 3.1179237365722656 -0.9869558317816288 -0.13545066054647584 0.08701324422038749 0.009517501144645066 0.49044849155688214 0.8714182086125701 0 0 0 0 0 0
0.53169184923172 1.6960269212722778 3.3034820556640625 -0.7249272225213393 -0.5968771245348462 0.3438287658915559 0.009518149491677917 0.49042469773866676 0.8714315926555519 0 0 0 0 0 0
0.22702722251415253 2.03957462310791 3.56072998046875 -0.2109718869039661 -0.8508584604080836 0.48117641597252664 0.009511561082653247 0.4904458180611443 0.8714197781506373 0 0 0 0 0 0
-0.12162656337022781 2.205704689025879 3.9183082580566406 0.37629635785385734 -0.8091600103882902 0.4512882988227635 0.00950089760292642 0.4904341655444614 0.8714264525543431 0 0 0 0 0 0
-0.39181965589523315 2.203118324279785 4.369983673095703 0.8328000342718985 -0.4862588795343242 0.26456833709034067 0.009509980266258891 0.49042434951827807 0.8714318778165675 0 0 0 0 0 0
-0.48836392164230347 2.0991411209106445 4.876834869384766 0.9998848247732185 0.005626678653066955 -0.014095306863106711 0.009524389914954157 0.49044974501143407 0.8714174278811317 0 0 0 0 0 0
-0.3764159083366394 1.9963350296020508 5.380733489990234 0.8194880973339009 0.4955578269225955 -0.28785707999598986 0.009522321788484013 0.4904406866755691 0.8714225486186096 0 0 0 0 0 0
-0.09359616786241531 1.9968576431274414 5.824619293212891 0.35429819902268544 0.8132810213544045 -0.46156989337912635 0.00952253246003942 0.49042437159390934 0.8714317283197041 0 0 0 0 0 0
0.26310282945632935 2.166966438293457 6.172260284423828 -0.23401730117508684 0.8483594784668705 -0.4748916698007537 0.00953740584280706 0.4904345409799928 0.8714258424579419 0 0 0 0 0 0
0.5710023045539856 2.513962745666504 6.420879364013672 -0.74100121463496 0.5886179769438284 -0.32318118312808464 0.00950631484590635 0.4904269460236225 0.8714304565437184 0 0 0 0 0 0
0.7060238718986511 2.909024238586426 6.644340515136719 -0.9598607058443139 0.24877679618678908 -0.1295281091311557 0.009518427754591819 0.4904401349384772 0.8714229016812728 0 0 0 0 0 0
0.6989538073539734 3.422379732131958 6.802776336669922 -0.9418977612938291 -0.2882280189147173 0.17249120668071755 0.009512859434895365 0.49042474149485615 0.871431625794632 0 0 0 0 0 0
0.4771782159805298 3.8700335025787354 7.000530242919922 -0.5660929780290117 -0.7157308195254396 0.40898427134510634 0.009515203778477742 0.4904281518392327 0.871429680915568 0 0 0 0 0 0
0.12636208534240723 4.154537200927734 7.291511535644531 0.024781690518491335 -0.871312958477593 0.4901016182426556 0.009507472103196017 0.49043542689531117 0.8714256709669626 0 0 0 0 0 0
-0.21880504488945007 4.240424633026123 7.6942138671875 0.6062415434037723 -0.6958731973509662 0.3850086807592203 0.009524535800295659 0.4904350728273069 0.8714256838988987 0 0 0 0 0 0
-0.4257797300815582 4.167687892913818 8.184677124023438 0.9573772842908677 -0.2560555216266547 0.13365741793235653 0.009509529973852838 0.4904294229251461 0.8714290274996496 0 0 0 0 0 0
-0.4145202040672302 4.036583423614502 8.705608367919922 0.9447922691637112 0.28103971586001875 -0.1684762482897979 0.00951146381907766 0.4904256621594676 0.8714311228958181 0 0 0 0 0 0
-0.18789546191692352 3.9695417881011963 9.18813705444336 0.573263218347974 0.711364038756455 -0.40660851793024166 0.009514328672766375 0.490431948308193 0.8714275538612127 0 0 0 0 0 0
0.16940486431121826 4.064655303955078 9.57797622680664 -0.016057043851844886 0.8714262069609664 -0.4902637424533484 0.00950252729933579 0.4904378113894414 0.8714243829125164 0 0 0 0 0 0
0.523045003414154 4.358410835266113 9.856060028076172 -0.5992778052943619 0.7004240263524362 -0.387649707067882 0.009516589989330602 0.49043345898155516 0.8714266789732584 0 0 0 0 0 0
0.7400798797607422 4.811828136444092 10.045780181884766 -0.954821982836894 0.2633154334317387 -0.13776778871738313 0.009515016050972953 0.49043632425664846 0.8714250835953584 0 0 0 0 0 0
0.7394630908966064 5.325268268585205 10.204097747802734 -0.9476139737989986 -0.2738309866450159 0.1644516567684485 0.009512830086549209 0.4904258144643948 0.8714310222677867 0 0 0 0 0 0
0.5228376984596252 5.7762885093688965 10.399900436401367 -0.5803911670936784 -0.706942854259686 0.40420031416465557 0.00951282949177676 0.4904349170772481 0.8714258994237509 0 0 0 0 0 0
0.1739121526479721 6.066161155700684 10.687841415405273 0.007331445440749568 -0.871478274897943 0.4903793085853586 0.009515393684066904 0.49043108463085794 0.871428028302302 0 0 0 0 0 0
-0.17334219813346863 6.1573805809021 11.087564468383789 0.5922693978381791 -0.7049225691573394 0.39025777619032376 0.009515299008501092 0.49043243130945513 0.8714272714373101 0 0 0 0 0 0
-0.3855888247489929 6.0879130363464355 11.57624626159668 0.9521932197454905 -0.270555024557359 0.14187336239577547 0.009510077277185825 0.4904290003010881 0.8714292593744242 0 0 0 0 0 0
-0.2550364136695862 8.187015533447266 10.399456024169922 -0.35431032880795393 -0.4897353825474892 0.7966325664828572 0.15998296002632909 0.8075921872704629 0.5676269122944433 0 0 0 0 0 0
-0.5571730732917786 8.56157112121582 10.638442993164062 0.2532616259271133 -0.5894416038793697 0.7670835315980074 0.16004394898830282 0.8075378209028325 0.5676870636219699 0 0 0 0 0 0
-0.8015812039375305 8.801769256591797 11.052291870117188 0.764558466086175 -0.4652337990833731 0.4461029748011181 0.16016781072433098 0.8075333394067278 0.5676585048727744 0 0 0 0 0 0
-0.8717010617256165 8.935894966125488 11.567808151245117 0.9854289232969877 -0.16421107019073936 -0.04432337483260269 0.16010178871345387 0.8075496822361694 0.5676538804333274 0 0 0 0 0 0
-0.7172011733055115 9.032604217529297 12.073253631591797 0.8319120141274629 0.19916026148727276 -0.5179358946768501 0.16008250511462993 0.807554780680545 0.5676520657552667 0 0 0 0 0 0
-0.37307968735694885 9.174726486206055 12.46061897277832 0.36237159237876454 0.4868743581545011 -0.7947579432811736 0.16002349145699596 0.8075507802052178 0.5676743957339073 0 0 0 0 0 0
0.05365829914808273 9.42780876159668 12.666834831237793 -0.24490389505906993 0.5896348752789565 -0.7696445907298155 0.16011940243222944 0.8075154425346414 0.5676976193651233 0 0 0 0 0 0
0.4245765209197998 9.815336227416992 12.697619438171387 -0.7590890058608882 0.46831337409880286 -0.45217968200851644 0.1599785022827729 0.8075036842689272 0.5677540653306411 0 0 0 0 0 0
0.6224513649940491 10.309617042541504 12.625293731689453 -0.9848984273638252 0.16909073404313268 0.037194239298827834 0.16007316320448856 0.8074884317222192 0.5677490775479077 0 0 0 0 0 0
0.6044798493385315 10.832963943481445 12.572473526000977 -0.8509490940318852 -0.17858093904862518 0.4939579815883384 0.16008383438751153 0.8075082534983681 0.5677178757973077 0 0 0 0 0 0
0.4090578854084015 11.319104194641113 12.622676849365234 -0.42128184525027373 -0.46424652725530857 0.7790999735553265 0.16014260938315175 0.8074751768614551 0.5677483451429138 0 0 0 0 0 0
0.12580671906471252 11.708427429199219 12.835295677185059 0.15476285960643588 -0.5885553430805271 0.7935055547491785 0.16009186818010598 0.8075073616501692 0.5677168789312035 0 0 0 0 0 0
-0.12517838180065155 11.975021362304688 13.213380813598633 0.677119077833689 -0.5083216138782357 0.5320891760766051 0.16010711406512998 0.8075167317636012 0.5676992513184844 0 0 0 0 0 0
-0.23496688902378082 12.135638236999512 13.702406883239746 0.9640526481861561 -0.2514542439285945 0.08586765826292332 0.16005559250665627 0.8075080628109619 0.5677261098475486 0 0 0 0 0 0
-0.14374931156635284 12.243837356567383 14.209379196166992 0.915996288885155 0.09276632663854383 -0.39031424184958285 0.16006103343040437 0.8076100907044271 0.5675794278949671 0 0 0 0 0 0
0.13848058879375458 12.371366500854492 14.634944915771484 0.5495983730961282 0.4048182345440911 -0.7307967058428044 0.16008880522134578 0.8075129039737714 0.567709859310765 0 0 0 0 0 0
0.5353045463562012 12.583314895629883 14.908126831054688 -0.007775112004515027 0.5761498667411954 -0.8173070895859279 0.1601330749652064 0.8075012221528455 0.5677139900723326 0 0 0 0 0 0
0.9305235147476196 12.9154052734375 15.01093864440918 -0.5624539590189203 0.5472023861152358 -0.6198508632031862 0.159987331998796 0.8075308884382341 0.5677128832588384 0 0 0 0 0 0
1.2084455490112305 13.361573219299316 14.984441757202148 -0.9216623316499255 0.3282176780818712 -0.20690988911158406 0.16013912693519117 0.8075386661225021 0.5676590197834658 0 0 0 0 0 0
1.2941876649856567 13.876180648803711 14.91484260559082 -0.9606166116613277 -0.0049188232312106835 0.27783363831316343 0.1600673159051395 0.8075010152088395 0.5677328287281066 0 0 0 0 0 0
1.1796478033065796 14.389787673950195 14.903167724609375 -0.6656998608894572 -0.33634234589116796 0.6661212514041142 0.16015860497955312 0.8074600459158456 0.5677653525009995 0 0 0 0 0 0
0.9262744188308716 14.833207130432129 15.030412673950195 -0.13945343470100782 -0.5508515580263172 0.8228701602136699 0.16007575497406673 0.8075196870691412 0.5677038908315134 0 0 0 0 0 0
0.6438703536987305 15.16180419921875 15.329205513000488 0.435243508726435 -0.5739708295323628 0.6936285569073934 0.16016290433658825 0.8075041166422208 0.5677014582334059 0 0 0 0 0 0
0.4521777629852295 15.370720863342285 15.772640228271484 0.8586969076440448 -0.3975302539983123 0.32343363764239436 0.15999962072222315 0.8075186950971716 0.5677267638902593 0 0 0 0 0 0
0.4395487308502197 15.496742248535156 16.283506393432617 0.9837426039673025 -0.08299996216804266 -0.1592529290774089 0.1600403845098042 0.8074894065102536 0.5677569318816573 0 0 0 0 0 0
0.5043120980262756 15.812114715576172 17.171022415161133 0.402787791476639 0.8801793702688177 0.25109016545965945 -0.6681651939903033 0.09526721639547822 0.7378884949774983 0 0 0 0 0 0
0.5180116295814514 15.87759017944336 17.810821533203125 -0.00504153149984618 0.967420898144047 -0.2531232679828186 -0.6173510132636254 0.19611889201593194 0.7618497926867331 0 0 0 0 0 0
0.5427436828613281 16.1090030670166 18.28290367126465 -0.4473022474895596 0.7091476623898754 -0.5450048553157708 -0.6173720687178902 0.19608754094478562 0.7618408003337835 0 0 0 0 0 0
0.47419285774230957 16.488258361816406 18.64130973815918 -0.7341415653306308 0.20448743802978098 -0.6474728177629606 -0.6172948101870063 0.19617517142310198 0.7618808433300474 0 0 0 0 0 0
0.2526084780693054 16.910186767578125 18.864788055419922 -0.7657774814721541 -0.37138918223367384 -0.5250284984550531 -0.6173846807147897 0.19596789881659074 0.7618613644568856 0 0 0 0 0 0
-0.12869076430797577 17.254640579223633 18.97869110107422 -0.5314092730040294 -0.8180478046414564 -0.22000448606022244 -0.6174145102617898 0.1962057270835448 0.7617759744031127 0 0 0 0 0 0
-0.6207918524742126 17.42853355407715 19.046749114990234 -0.1122591859099604 -0.9804759725232727 0.16144578806328624 -0.6174100055472934 0.1961284857003803 0.7617995157172043 0 0 0 0 0 0
-1.1363085508346558 17.39797592163086 19.14849281311035 0.34586144811542324 -0.8021273444828453 0.48679726985717675 -0.6173857642841031 0.1961301377030838 0.7618187364090643 0 0 0 0 0 0
-1.5796912908554077 17.20016860961914 19.351728439331055 0.6838131074179545 -0.34508920757989026 0.6428942937492015 -0.6172726767325746 0.19622078793229944 0.7618870289896201 0 0 0 0 0 0
-1.880509376525879 16.930404663085938 19.689008712768555 0.784142542248595 0.2318954166382106 0.5756257370706256 -0.6173059255184982 0.19630284517859278 0.7618389510221567 0 0 0 0 0 0
-2.0178141593933105 16.709022521972656 20.14630889892578 0.6119106956373375 0.7283239221762908 0.30839838675060255 -0.6173832212173755 0.1961190738362862 0.7618236456272899 0 0 0 0 0 0
-2.0275473594665527 16.639469146728516 20.66790771484375 0.2270746372825278 0.9716389409924697 -0.06599149528568517 -0.6173121933872752 0.19601457769391603 0.7619080923752336 0 0 0 0 0 0
-1.9899297952651978 16.772533416748047 21.17576789855957 -0.23669984851099277 0.8772632572601149 -0.4175911387664332 -0.6173616101624251 0.1960791245733958 0.7618514416893812 0 0 0 0 0 0
-2.001671314239502 17.088504791259766 21.596532821655273 -0.6181347267691412 0.47804723600819027 -0.6240034452685086 -0.6174031833147163 0.1960845576704631 0.7618163528541728 0 0 0 0 0 0
-2.1422839164733887 17.504167556762695 21.88718032836914 -0.7848291766746852 -0.08732211204853041 -0.6135291453447991 -0.6173707561412333 0.1961496166008137 0.7618258838927408 0 0 0 0 0 0
-2.4465768337249756 17.901611328125 22.04989242553711 -0.6787469717484089 -0.6223629984641982 -0.38982925298778826 -0.6173957276454792 0.19615936930663533 0.7618031355398405 0 0 0 0 0 0
-2.892380952835083 18.16929054260254 22.131301879882812 -0.3367617462845587 -0.9410908857299936 -0.030650791756673734 -0.6174108963569058 0.1961240977010806 0.7617999234449288 0 0 0 0 0 0
-3.4215099811553955 18.235395431518555 22.197120666503906 0.14403502047359065 -0.9238698527255066 0.35456791747438615 -0.6173425290651468 0.19614121027150871 0.761850922058034 0 0 0 0 0 0
-3.917811393737793 18.09095001220703 22.343698501586914 0.570158419375818 -0.5556596085624714 0.6051130276461333 -0.6174353571853303 0.1960522060387348 0.7617986034410731 0 0 0 0 0 0
-4.284142017364502 17.819793701171875 22.62827491760254 0.7796944867135228 0.023632542437458288 0.6257140004238981 -0.617333802157037 0.19620497214751917 0.7618415751446805 0 0 0 0 0 0
-4.472751617431641 17.554052352905273 23.055450439453125 0.6930165498298864 0.5939409538030709 0.4086100892750679 -0.6173532199870756 0.19622974347313069 0.7618194599431408 0 0 0 0 0 0
-4.50339412689209 17.42368507385254 23.575794219970703 0.3430205728939126 0.9386252508625911 0.0363252668905546 -0.6173471128430353 0.19612546084669844 0.7618512623025827 0 0 0 0 0 0
-4.455868721008301 17.507282257080078 24.10441017150879 -0.13726740083161554 0.9266777414393478 -0.3498943043117479 -0.6174972338902067 0.19614267799483887 0.7617251577878706 0 0 0 0 0 0
-4.439624786376953 17.8021240234375 24.55325698852539 -0.5654264395989689 0.5626785433760104 -0.6030636767594983 -0.6173744274514986 0.19611997537585163 0.7618305399414688 0 0 0 0 0 0
-4.552263259887695 18.225229263305664 24.864652633666992 -0.7787701253102192 -0.015063902199331545 -0.627128512168626 -0.6173093259763721 0.1961951566279581 0.7618639357380871 0 0 0 0 0 0
-4.842428684234619 18.6448917388916 25.033117294311523 -0.6961850214250146 -0.5871342269550008 -0.4130373051933755 -0.6173822830559693 0.196123602714237 0.7618232400150229 0 0 0 0 0 0
-5.291265964508057 18.930734634399414 25.10740089416504 -0.34913308735839266 -0.9361331918757856 -0.041961105562778434 -0.617326423626424 0.19608299159387263 0.761878958299943 0 0 0 0 0 0
-5.819706439971924 19.003164291381836 25.172109603881836 0.13054642574844502 -0.9294459200722623 0.3450911653249493 -0.6173970944946986 0.19613250102712954 0.7618089457011827 0 0 0 0 0 0
-6.318381309509277 18.863740921020508 25.315523147583008 0.5606269155743108 -0.5696809947818204 0.6009667426056369 -0.6173041388521087 0.19621095657750892 0.7618640696836908 0 0 0 0 0 0
-6.6892595291137695 18.59445571899414 25.595853805541992 0.7776522500468199 0.006566228734889233 0.6286603714545076 -0.6174906258580125 0.1959154482815153 0.7617889892234813 0 0 0 0 0 0
-6.882876396179199 18.326677322387695 26.019521713256836 0.6993793615924084 0.5802437138683534 0.41735565300455196 -0.6173759073117694 0.19618089755676532 0.7618136547114337 0 0 0 0 0 0
-6.917074203491211 18.191125869750977 26.538301467895508 0.3552724379535091 0.9335478187278292 0.04764414947380274 -0.6172763899407346 0.19602593289204237 0.7619341782959592 0 0 0 0 0 0
-6.870307922363281 18.268407821655273 27.06795310974121 -0.12374593580889406 0.9321464272792503 -0.34027926983774726 -0.6174388510011725 0.19611927945788227 0.7617785068504317 0 0 0 0 0 0
-5.4867377281188965 18.207117080688477 24.112058639526367 0.778747784199162 0.015097241944868604 0.6271554527312615 0.6173546669784302 -0.19607563484145835 -0.7618579661468868 0 0 0 0 0 0
-5.1181111335754395 18.477346420288086 23.829587936401367 0.5653744485722582 -0.5627159442932212 0.6030775231591734 0.6173428976338318 -0.19621544344793146 -0.7618315079422721 0 0 0 0 0 0
-4.620604038238525 18.61931610107422 23.68462562561035 0.13725193469285601 -0.9267304036347548 0.34976086888334523 0.6174020740571114 -0.19608132533529837 -0.7618180838000174 0 0 0 0 0 0
-4.091824531555176 18.550029754638672 23.619359970092773 -0.3429782201674432 -0.9386390879674315 -0.036367609633314535 0.6174424000659136 -0.19609788118162996 -0.7617811389086236 0 0 0 0 0 0
-3.6411967277526855 18.26678466796875 23.545841217041016 -0.6929513830360589 -0.5939484511326361 -0.40870969910873917 0.6174309935863352 -0.19615212346275543 -0.7617764190496072 0 0 0 0 0 0
-3.3485617637634277 17.848148345947266 23.379138946533203 -0.7796845232026336 -0.02364927565385271 -0.6257257834222033 0.6173620972365483 -0.19607403019826913 -0.7618523581229494 0 0 0 0 0 0
-3.2336208820343018 17.42413902282715 23.069862365722656 -0.5701324854269463 0.555656260405986 -0.6051405368445647 0.6173475783038774 -0.19623593986400542 -0.7618224356554671 0 0 0 0 0 0
-3.248652935028076 17.12676429748535 22.622610092163086 -0.14405663068421984 0.923861130617669 -0.35458186429899785 0.6173455024229535 -0.19613895701646766 -0.7618490927858637 0 0 0 0 0 0
-3.3675262928009033 17.077289581298828 22.02739715576172 0.455124951080334 0.878944355354277 0.14254156970855217 0.6173833538638261 -0.19613960561283295 -0.7618182522635542 0 0 0 0 0 0
-3.29632306098938 17.239429473876953 21.5317325592041 0.7375065612753109 0.481291963485047 0.4737532247495255 0.617375412440265 -0.19614266394633809 -0.7618239005795542 0 0 0 0 0 0
-3.071336507797241 17.501934051513672 21.13490104675293 0.7635404069770176 -0.08361197496603205 0.6403242026939556 0.6173928420526319 -0.19614660664586583 -0.7618087603089675 0 0 0 0 0 0
-2.6871349811553955 17.746997833251953 20.87154769897461 0.5242674481660717 -0.6194473773228347 0.5843189108023947 0.617401224976917 -0.19608091954287854 -0.7618188763664375 0 0 0 0 0 0
-2.1936216354370117 17.862871170043945 20.730018615722656 0.10285710954198903 -0.9399997948842604 0.3253010922733207 0.6173783247213007 -0.19608949171672657 -0.7618352285124362 0 0 0 0 0 0
-1.6786569356918335 17.782794952392578 20.65634536743164 -0.3543977724113903 -0.9339235722399276 -0.046786537855000074 0.6173809916649182 -0.19611370088091398 -0.7618268356113702 0 0 0 0 0 0
-1.2376052141189575 17.507957458496094 20.572914123535156 -0.6884559078799908 -0.6032639223267359 -0.4026178124774159 0.6173833465011089 -0.1961309265694013 -0.7618204927055453 0 0 0 0 0 0
-0.9401004314422607 17.107336044311523 20.405521392822266 -0.7832517904975562 -0.06292786202539333 -0.6185116950093066 0.6173602639025022 -0.19613115211042767 -0.7618391403216752 0 0 0 0 0 0
-0.8059332966804504 16.693584442138672 20.109176635742188 -0.6057696904454457 0.4992244042944577 -0.6195305289446784 0.6173534829461722 -0.19628070676079018 -0.7618061178854599 0 0 0 0 0 0
-0.7980626225471497 16.38393211364746 19.683637619018555 -0.2179015491540247 0.8879186233691867 -0.4051165673611051 0.6173797400638205 -0.19608152418315056 -0.7618361322704129 0 0 0 0 0 0
-0.835634171962738 16.259414672851562 19.173620223999023 0.24579366757238158 0.9680307868752517 -0.05001868293946512 0.6173861542138542 -0.19612478516155668 -0.7618197983974689 0 0 0 0 0 0
-0.8219589591026306 16.336753845214844 18.6531925201416 0.624017222293808 0.711758296352866 0.3224943935227187 0.6173850817992149 -0.19609708970640127 -0.7618277969334385 0 0 0 0 0 0
-0.6781628131866455 16.562496185302734 18.19999885559082 0.7854630487045606 0.20812975731115926 0.5828634516259661 0.6173230868155175 -0.19609663893098514 -0.7618781494993356 0 0 0 0 0 0
-0.3705810308456421 16.831628799438477 17.868358612060547 0.6738998233509478 -0.36782182558924714 0.6407543466163574 0.6173936719447983 -0.19600273434630622 -0.7618451167864045 0 0 0 0 0 0
0.07750878483057022 17.024076461791992 17.670307159423828 0.32811370877118917 -0.8159734489309831 0.47595033853973856 0.6173780871664062 -0.19611271399943475 -0.7618294434415918 0 0 0 0 0 0
0.5939937233924866 17.046344757080078 17.571517944335938 -0.13165317197227752 -0.9805252217985202 0.14573171146528413 0.6173948314279253 -0.19612180658637 -0.7618135330298237 0 0 0 0 0 0
1.055892825126648 16.846660614013672 17.359922409057617 -0.4764976863524485 -0.864822229788487 -0.15821651546040574 0.6154839293967621 -0.1996303581059742 -0.7624481967824451 0 0 0 0 0 0
1.8388361930847168 17.015579223632812 16.935884475708008 0.24240900301566407 -0.699183146555519 -0.672592597959326 0.7781719136145212 0.5541433647158878 -0.29559026405290934 0 0 0 0 0 0
2.2876815795898438 17.000953674316406 16.989704132080078 -0.0023783205321668225 -0.3106909192036033 -0.9505080201218012 0.7826124814999528 0.5911207221643155 -0.1951768316896869 0 0 0 0 0 0
2.8028547763824463 16.947370529174805 16.896272659301758 -0.35260722171903475 0.16255289480241922 -0.9215447377002037 0.7826188130512708 0.5911101170619595 -0.1951835622310874 0 0 0 0 0 0
3.2445297241210938 16.92767333984375 16.610702514648438 -0.5802960991464251 0.5793395052216564 -0.5723828919569212 0.7826308053554566 0.5910997604707524 -0.19516684062639456 0 0 0 0 0 0
3.565181016921997 17.028789520263672 16.20576286315918 -0.6063299796024972 0.7948423476447413 -0.02428164380414933 0.7826374575272046 0.5910541612955428 -0.19527823352994442 0 0 0 0 0 0
3.7594218254089355 17.295656204223633 15.795735359191895 -0.42164435597541494 0.7340572392969225 0.5323307303827746 0.7826530392995871 0.5910767546623281 -0.19514735502427202 0 0 0 0 0 0
3.8657150268554688 17.715557098388672 15.496739387512207 -0.09041754000511064 0.41815556628082917 0.9038642546576245 0.7825971980225919 0.5911362007101532 -0.19519123406842273 0 0 0 0 0 0
3.9531922340393066 18.222671508789062 15.38621997833252 0.27220619771939786 -0.043069084341155424 0.9612745913094564 0.7826780512316414 0.5910422698944414 -0.19515148812721575 0 0 0 0 0 0
4.097399711608887 18.720815658569336 15.476128578186035 0.5402823750554333 -0.4892705070330237 0.6846234922584151 0.7826230727616583 0.5911043426346899 -0.195183969883573 0 0 0 0 0 0
4.35427188873291 19.116905212402344 15.708812713623047 0.6205708100239674 -0.7654924619542411 0.17003870276331717 0.7826272850800355 0.5911194079715301 -0.19512144466367787 0 0 0 0 0 0
4.740536689758301 19.35343360900879 15.976933479309082 0.48513535381238987 -0.775721610308121 -0.4036083148081847 0.7826370994037076 0.5910581357241121 -0.1952676389760686 0 0 0 0 0 0
5.227962970733643 19.428180694580078 16.160938262939453 0.18122495974079178 -0.5163243521237315 -0.8369986125263037 0.7826601109373937 0.5910651377683471 -0.1951541792080089 0 0 0 0 0 0
5.753186225891113 19.39529800415039 16.170387268066406 -0.18576563417867603 -0.07752829549519931 -0.9795307512047814 0.7825820030480437 0.5911522537078076 -0.19520353849633895 0 0 0 0 0 0
6.239660739898682 19.346242904663086 15.975579261779785 -0.4881521053502744 0.3881880166389179 -0.781676138678953 0.7826041124706881 0.5911345853391337 -0.19516840205293778 0 0 0 0 0 0
6.624388694763184 19.37813949584961 15.617799758911133 -0.6209325598366675 0.7190301316074159 -0.31215128699927763 0.7826117625454884 0.5911652043113217 -0.1950449444025602 0 0 0 0 0 0
6.879587173461914 19.55992317199707 15.194916725158691 -0.5378621293470567 0.8000016292480812 0.26589795601821703 0.7826064139678027 0.5910835876074831 -0.1953135767874906 0 0 0 0 0 0
7.022683143615723 19.908588409423828 14.827492713928223 -0.2679646449896318 0.6028790263604054 0.7514864127915489 0.7826477614193128 0.59109087140025 -0.19512576275989735 0 0 0 0 0 0
7.099494934082031 20.396194458007812 14.615318298339844 0.11241758863189591 0.17421006959052923 0.9782704827497624 0.7826583553262271 0.5910544250052807 -0.19519366157670837 0 0 0 0 0 0
7.201932907104492 20.923519134521484 14.626155853271484 0.45006648274727373 -0.3206981763420123 0.8334223663895787 0.782621870539395 0.5911083891269521 -0.19517653562136694 0 0 0 0 0 0
7.406970977783203 21.37774085998535 14.826970100402832 0.6167783283510088 -0.6937242261832486 0.37192901430647746 0.782588243112118 0.5911654808504947 -0.1951384533952542 0 0 0 0 0 0
7.752591609954834 21.67382049560547 15.11258316040039 0.5490641334075167 -0.8032529860813915 -0.23089655206776197 0.7826308784609731 0.5910832411769396 -0.1952165722452105 0 0 0 0 0 0
8.223405838012695 21.786785125732422 15.345559120178223 0.2728045100416034 -0.6075346138358333 -0.745975463599377 0.7826168558552135 0.5911064728110793 -0.1952024455075931 0 0 0 0 0 0
8.756375312805176 21.761255264282227 15.408480644226074 -0.10704810229861832 -0.18098446391875356 -0.9776427402759691 0.7827135737628177 0.5910077916635378 -0.19511343275240373 0 0 0 0 0 0
9.264942169189453 21.694496154785156 15.248549461364746 -0.4463300363803859 0.3142696418822227 -0.837868778995794 0.7826707738146956 0.5910211041863899 -0.19524475466092822 0 0 0 0 0 0
9.671798706054688 21.699344635009766 14.89765453338623 -0.6159597019854769 0.6901708812595122 -0.3798128489024968 0.7826434505211991 0.59107939735854 -0.1951778045130556 0 0 0 0 0 0
9.93824577331543 21.86151695251465 14.460148811340332 -0.5516518348961863 0.803827493030183 0.22257945660927947 0.7825911031042017 0.591134363770939 -0.19522123171232128 0 0 0 0 0 0
10.078923225402832 22.2069149017334 14.073358535766602 -0.2777029892150763 0.6121310507146155 0.740389510009449 0.7826271606030116 0.5911059566161888 -0.19516268992645186 0 0 0 0 0 0
10.15630054473877 22.691843032836914 13.855372428894043 0.10171022410901928 0.1878890027717881 0.9769097977546933 0.7826179754248276 0.5911154166247582 -0.19517087070175826 0 0 0 0 0 0
10.25687026977539 23.219635009765625 13.86000919342041 0.44243373386250634 -0.30776464778761964 0.8423380038396956 0.7827156145618729 0.5909792949272982 -0.19519154614957873 0 0 0 0 0 0
10.458306312561035 23.677270889282227 14.056745529174805 0.6151817538423878 -0.6865007130153582 0.38764439989352173 0.7826271998265937 0.5910861576381837 -0.19522248932977304 0 0 0 0 0 0
10.799960136413574 23.9783992767334 14.341782569885254 0.554135781418676 -0.8044070318558607 -0.21415616463776518 0.7826239060558183 0.5910978418956866 -0.19520031500024762 0 0 0 0 0 0
11.267927169799805 24.096166610717773 14.578024864196777 0.2825988212815813 -0.6166871864249772 -0.7347345236951276 0.7826866389276355 0.5910624459787194 -0.19505591556734356 0 0 0 0 0 0
11.800335884094238 24.073396682739258 14.646780014038086 -0.0963721454837608 -0.19476128258296027 -0.9761047343300293 0.7825743539388469 0.591157677649094 -0.19521777765799547 0 0 0 0 0 0
8.932637214660645 22.52752685546875 14.441834449768066 0.6159553340937496 -0.6901421458735552 0.3798721428197939 -0.7826388820262933 -0.5910962963258377 0.19514494308208852 0 0 0 0 0 0
8.729381561279297 22.071571350097656 14.243072509765625 0.4463561919357073 -0.3141370305689821 0.8379045744868305 -0.7826735091015695 -0.5909750670628414 0.19537310014612 0 0 0 0 0 0
8.627878189086914 21.54400062561035 14.235332489013672 0.10709682711112678 0.18114102052231454 0.9776084084677585 -0.7827427488871236 -0.5909266537619918 0.1952421033954629 0 0 0 0 0 0
8.550797462463379 21.057720184326172 14.450417518615723 -0.2728608862795903 0.6075464925566446 0.7459451696477667 -0.7826472460704863 -0.5910885337571057 0.19513491096971497 0 0 0 0 0 0
8.411515235900879 20.709922790527344 14.835556983947754 -0.5490863244093039 0.8032537065966571 0.23084126837593888 -0.7826598870952068 -0.5910800619160073 0.195109870425582 0 0 0 0 0 0
8.147047996520996 20.54522132873535 15.273316383361816 -0.6167098472121607 0.6937905317399132 -0.3719188922595916 -0.7826447510961078 -0.591100049980045 0.1951100317649003 0 0 0 0 0 0
7.742055892944336 20.538684844970703 15.626253128051758 -0.450121875508258 0.3206911979401393 -0.8333951360265109 -0.782662318122188 -0.5910147950140622 0.19529774157959226 0 0 0 0 0 0
7.234391689300537 20.605222702026367 15.789263725280762 -0.1123890033439193 -0.1741690402375925 -0.9782810727751388 -0.7825809198222261 -0.5911695512383361 0.19515549087551426 0 0 0 0 0 0
6.645026206970215 20.682390213012695 15.656719207763672 0.3614804504029532 -0.6868340759834648 -0.6305480441999789 -0.7825983115348034 -0.5911193067658711 0.19523792651918587 0 0 0 0 0 0
6.2063751220703125 20.523391723632812 15.413176536560059 0.5840963304248392 -0.8057638893854867 -0.09785719874700181 -0.7826752614342749 -0.591056154290403 0.19512062324169888 0 0 0 0 0 0
5.889547348022461 20.19636344909668 15.149198532104492 0.6038121494239024 -0.6446569365778573 0.46885853125451343 -0.7826265189073796 -0.5911137623194836 0.19514162011068348 0 0 0 0 0 0
5.698580741882324 19.73491096496582 14.983003616333008 0.41369158326282723 -0.25959662144744344 0.8726218356599657 -0.7826180734001941 -0.5911150288439441 0.19517165230174108 0 0 0 0 0 0
5.5938720703125 19.219345092773438 14.998754501342773 0.07979183839202694 0.21572373072002407 0.9731888483384175 -0.7827073501650013 -0.5909946542218181 0.19517818187214464 0 0 0 0 0 0
5.5058207511901855 18.748754501342773 15.217375755310059 -0.2819142390077253 0.6160484176530283 0.7355329421255685 -0.7826221080940169 -0.5911221021548565 0.1951340469177544 0 0 0 0 0 0
5.358966827392578 18.406618118286133 15.589442253112793 -0.5455415515950511 0.8023309406752358 0.24217654122242221 -0.7826778186626198 -0.5910638265809809 0.19508712177120174 0 0 0 0 0 0
5.098373889923096 18.231794357299805 16.012001037597656 -0.6196026169807353 0.7097194381404841 -0.33524754459381223 -0.7826485977765872 -0.5910642701343415 0.19520297377063678 0 0 0 0 0 0
4.708564758300781 18.204931259155273 16.36464500427246 -0.47830748467272727 0.3705385188529494 -0.7961929139048596 -0.7826224748650522 -0.5911527064617403 0.1950398407481411 0 0 0 0 0 0
4.219020843505859 18.25533676147461 16.55126953125 -0.1708709456691489 -0.09751724483053381 -0.9804557648801868 -0.7826463668755903 -0.5910728035372921 0.19518607874283622 0 0 0 0 0 0
3.693856954574585 18.285423278808594 16.533462524414062 0.19598660400477758 -0.5316411920827112 -0.8239823383614168 -0.782681857939489 -0.5910295651667212 0.19517469700559592 0 0 0 0 0 0
3.2095680236816406 18.20465850830078 16.343843460083008 0.49478524971750737 -0.7809695779311112 -0.38114836351227555 -0.7826493498919812 -0.5910850861640448 0.19513691610790412 0 0 0 0 0 0
2.828444719314575 17.96105194091797 16.074745178222656 0.6215512645923483 -0.7589528303822963 0.19407376622911685 -0.7826629990488627 -0.5910800981934349 0.1950972768633108 0 0 0 0 0 0
2.5769095420837402 17.559186935424805 15.846107482910156 0.5323731089739699 -0.47313047238542166 0.7019447477841381 -0.7826534336702664 -0.5910612244137393 0.1951928066263543 0 0 0 0 0 0
2.4364097118377686 17.058679580688477 15.763839721679688 0.2581568800906778 -0.02296439132182212 0.965830037839508 -0.7826202641493996 -0.5911253473385449 0.19513161167942245 0 0 0 0 0 0
2.3497133255004883 16.553380966186523 15.882946014404297 -0.10569701761528841 0.4352042217578813 0.8941059365820977 -0.7826844800626056 -0.5910315717882767 0.19515810467056688 0 0 0 0 0 0
2.2409749031066895 16.138851165771484 16.188501358032227 -0.43291149998195666 0.74219224334259 0.5116036621306242 -0.7826818230398043 -0.5910411573519166 0.19513972993523204 0 0 0 0 0 0
1.619550347328186 15.337018966674805 16.177963256835938 -0.9829373593097083 0.1831905094715147 0.01659472545191772 -0.16008072977695126 -0.8075104130299771 -0.567715679545875 0 0 0 0 0 0
1.4240787029266357 14.851871490478516 16.236631393432617 -0.7611175034022735 0.4671650511500124 -0.44995217634621615 -0.16010030909737086 -0.807561825112563 -0.5676370227951949 0 0 0 0 0 0
1.0698961019515991 14.464142799377441 16.201448440551758 -0.27484065683894526 0.5888108385522213 -0.760108156614417 -0.16002124161726408 -0.8075388716212306 -0.5676919702197477 0 0 0 0 0 0
0.6584038734436035 14.199183464050293 16.007781982421875 0.30704371892508137 0.5058908697153487 -0.8061008513872837 -0.16003036619863578 -0.8075098528576651 -0.5677306750846941 0 0 0 0 0 0
0.3109356462955475 14.039706230163574 15.646028518676758 0.7821402731173414 0.2471305151990245 -0.5719992147069745 -0.1599957334258479 -0.8075547741846476 -0.5676765381598113 0 0 0 0 0 0
0.12656059861183167 13.931782722473145 15.165022850036621 0.9854584302399725 -0.09760317785363162 -0.13908738958597813 -0.16010799687727245 -0.807478779773379 -0.5677529828645926 0 0 0 0 0 0
0.14764346182346344 13.803464889526367 14.655012130737305 0.8463140140072074 -0.40828809920992665 0.3421307027125062 -0.16005422658182353 -0.8075045625438545 -0.5677314735190859 0 0 0 0 0 0
0.34522977471351624 13.590054512023926 14.216316223144531 0.41305767413628924 -0.5771274121919532 0.7044908146553357 -0.16011309212563443 -0.8075380201457227 -0.5676672826128826 0 0 0 0 0 0
0.6289120316505432 13.256258964538574 13.924537658691406 -0.16377394830097744 -0.5454228222200648 0.8220048898026145 -0.16006536869217045 -0.8075217733911697 -0.5677038517084592 0 0 0 0 0 0
0.8784528970718384 12.808760643005371 13.804142951965332 -0.6836219085786487 -0.3241582605669807 0.6538979340978798 -0.16010208546002916 -0.8075213420076874 -0.5676941116776295 0 0 0 0 0 0
0.9854422807693481 12.293682098388672 13.820097923278809 -0.9659628474419724 0.009713091904778638 0.25849842012562946 -0.16003177871003083 -0.8075546706099657 -0.5676665251526933 0 0 0 0 0 0
0.8910052180290222 11.780595779418945 13.889928817749023 -0.9125948795397619 0.34029268233386634 -0.22665276567434586 -0.16007248206315877 -0.8074595549847147 -0.5677903376687792 0 0 0 0 0 0
0.6062989830970764 11.338497161865234 13.912532806396484 -0.542061734572261 0.5525739676317583 -0.6331122224441795 -0.16009705809065342 -0.8075090894302341 -0.5677129578213556 0 0 0 0 0 0
0.20858114957809448 11.011627197265625 13.80309772491455 0.016818089147680498 0.5727687077519382 -0.8195444828059033 -0.16011248342998297 -0.8075399964022222 -0.5676646429544318 0 0 0 0 0 0
-0.185643270611763 10.804165840148926 13.522777557373047 0.569902901049481 0.3939956571558388 -0.721095073840977 -0.16005408381081462 -0.8075185238858117 -0.5677116555406986 0 0 0 0 0 0
-0.46102020144462585 10.678888320922852 13.092123031616211 0.9248767185007798 0.07825248532408267 -0.3721284779694151 -0.1601268910345652 -0.8074626736347851 -0.5677705605736962 0 0 0 0 0 0
-0.543560802936554 10.569900512695312 12.583856582641602 0.9584703957981225 -0.26468516950487914 0.10618974254966318 -0.16008115737022 -0.8074685305123668 -0.5677751273939444 0 0 0 0 0 0
-0.4863382875919342 10.37734603881836 12.155031204223633 0.7591094123649365 -0.4683270657530955 0.4521312415019079 -0.1600504396969705 -0.8075128146297315 -0.567720803706871 0 0 0 0 0 0
-0.2402096539735794 10.135366439819336 11.743246078491211 0.24488892123992162 -0.5896288637433498 0.7696539607477335 -0.16006222741453596 -0.8075191138024138 -0.5677085204564589 0 0 0 0 0 0
0.061736397445201874 9.758978843688965 11.506901741027832 -0.3623555101851138 -0.48687673420378075 0.7947638202192817 -0.16014694391584627 -0.8075084839253325 -0.5676997487607566 0 0 0 0 0 0
0.28108566999435425 9.271620750427246 11.451762199401855 -0.8319200162025059 -0.19917864331257684 0.5179159726150406 -0.16009799540242237 -0.8075092817597669 -0.5677124199275118 0 0 0 0 0 0
0.31080976128578186 8.738853454589844 11.514643669128418 -0.9854333978496681 0.1641867060570115 0.04431415074901508 -0.1600722753184314 -0.8075118712033179 -0.5677159893292565 0 0 0 0 0 0
0.11589756608009338 8.24351978302002 11.587638854980469 -0.7645602247872442 0.46520786815776677 -0.4461270021836657 -0.16014130282347203 -0.8075496420163247 -0.5676427915593634 0 0 0 0 0 0
-0.25329214334487915 7.854210376739502 11.558929443359375 -0.25325391425241134 0.5894585739360457 -0.7670730372846613 -0.1600639378455947 -0.8075258274093324 -0.5676984885203014 0 0 0 0 0 0
-0.6802136898040771 7.599281311035156 11.35537052154541 0.35431808342837556 0.4897871401388495 -0.7965972967003151 -0.16005444907410593 -0.8075278368824589 -0.5676983054330189 0 0 0 0 0 0
-1.0263656377792358 7.45599365234375 10.970237731933594 0.827237969510239 0.2040496799825215 -0.5234893216672212 -0.1600614809919725 -0.8075259729787931 -0.5676989741643982 0 0 0 0 0 0
-1.18394935131073 7.359218597412109 10.46577262878418 0.9858944092821333 -0.15924847120058058 -0.05149891422652884 -0.16009145650801476 -0.8075323666832965 -0.5676814267809163 0 0 0 0 0 0
-1.1167887449264526 7.226142883300781 9.949569702148438 0.7699814464102636 -0.4620228735135971 0.44007208106649653 -0.16008002227608628 -0.8075161796886796 -0.5677076765458504 0 0 0 0 0 0
-0.8741119503974915 6.987762928009033 9.533679962158203 0.26152490654095084 -0.5892553907134702 0.764449349384158 -0.1600699658181123 -0.8075250978720296 -0.5676978266206039 0 0 0 0 0 0
-0.5718329548835754 6.615036964416504 9.292033195495605 -0.3462710580545058 -0.4926223691324618 0.7983855934222095 -0.16011895592512168 -0.807513582019252 -0.5677003917630195 0 0 0 0 0 0
-0.34848344326019287 6.130027770996094 9.232403755187988 -0.8225096254124621 -0.20886885347251133 0.529010130482328 -0.16007800478841375 -0.8075086220532426 -0.5677189953600585 0 0 0 0 0 0
-0.3126128911972046 5.597416400909424 9.29333782196045 -0.9862851875775085 0.1542738061613349 0.05866107310383785 -0.16007756589049 -0.8075324914518824 -0.5676851663977944 0 0 0 0 0 0
-0.5015552043914795 5.09995698928833 9.367655754089355 -0.7753573864950064 0.45878118504093246 -0.4339824275936426 -0.16010394858801094 -0.8075503546576099 -0.5676523146600357 0 0 0 0 0 0
