t = 0
b = 42 42 42
E = 0 0 0
0.5088796019554138 4.957755088806152 8.695512771606445 -0.5732633176049177 -0.7113638316847375 0.40660874026441174 -0.00951214011531923 -0.49043360613885834 -0.8714266447384209 0 0 0 0 0 0
0.7280887365341187 4.508408069610596 8.498740196228027 -0.9447914991479484 -0.2810395172832907 0.16848089762031465 -0.009512570315283275 -0.49043393346031994 -0.8714264558278199 0 0 0 0 0 0
0.7319326400756836 3.994997978210449 8.340372085571289 -0.9573775893699937 0.25605560322164966 -0.13365507633792648 -0.009513131599364115 -0.49043354400558153 -0.8714266688834458 0 0 0 0 0 0
0.51754230260849 3.5399556159973145 8.151537895202637 -0.6062400166948498 0.695871690794912 -0.38501380768494353 -0.009513130034256906 -0.4904332377584858 -0.8714268412544337 0 0 0 0 0 0
0.16495954990386963 3.243537425994873 7.874939441680908 -0.024781796924738034 0.8713141977836728 -0.4900994095913353 -0.009511750827370083 -0.49043329261920854 -0.871426825434517 0 0 0 0 0 0
-0.193272203207016 3.145735025405884 7.4866228103637695 0.5660915819056029 0.7157297446054479 -0.4089880848907857 -0.009513149747961596 -0.4904334754591909 -0.8714267072628036 0 0 0 0 0 0
-0.42246338725090027 3.21108341217041 7.005077362060547 0.9418969918245872 0.2882277692015673 -0.17249582561001717 -0.009513950974494709 -0.49043285113264007 -0.8714270498824125 0 0 0 0 0 0
-0.43694910407066345 3.3421332836151123 6.484211444854736 0.9598602582726985 -0.24877668984034368 0.1295316300397333 -0.009512996535309511 -0.4904336395006729 -0.8714266166138394 0 0 0 0 0 0
-0.2326345443725586 3.4164745807647705 5.99287223815918 0.613156327300892 -0.6912668877259885 0.38234723514693675 -0.009512879272832023 -0.4904335341317883 -0.8714266771949001 0 0 0 0 0 0
0.09456730633974075 3.3326141834259033 5.58922004699707 0.06164040026998424 -0.8700892832450118 0.48902464174797755 -0.009538101356134593 -0.4904474639241174 -0.8714185617445395 0 0 0 0 0 0
0.4346189498901367 3.067328691482544 5.287538528442383 -0.5112883699896411 -0.7465456107425369 0.42573918517607506 -0.00952324449318697 -0.4904338473394673 -0.8714263877104773 0 0 0 0 0 0
0.6680612564086914 2.646376848220825 5.0746307373046875 -0.9065446618874672 -0.3635412599486471 0.21450997253808068 -0.009532792718049571 -0.4904230824947301 -0.8714323416188787 0 0 0 0 0 0
0.7124738693237305 2.1496269702911377 4.9064483642578125 -0.9867468982901515 0.14577866349028645 -0.07126808532401614 -0.009515128872289329 -0.4904291648186661 -0.8714291116423697 0 0 0 0 0 0
0.5511369705200195 1.6832689046859741 4.7234039306640625 -0.7240331098423395 0.6044607800177315 -0.3322698019266667 -0.009516077208654198 -0.4904220062959038 -0.871433129973413 0 0 0 0 0 0
0.2388315200805664 1.342948317527771 4.471073150634766 -0.2097044745711052 0.8530658068104834 -0.4778103835159252 -0.009508579999151908 -0.4904323313838537 -0.871427401015023 0 0 0 0 0 0
-0.11719989031553268 1.180503249168396 4.119117736816406 0.3775038317824361 0.8052091456296634 -0.4573063401965096 -0.00954452609161505 -0.49043741531837715 -0.8714241468294968 0 0 0 0 0 0
-0.3945188522338867 1.1859582662582397 3.671802520751953 0.8335179061850514 0.47754125204582 -0.277852933515913 -0.009504460874107721 -0.4904400048009541 -0.8714231273694387 0 0 0 0 0 0
-0.49803829193115234 1.2909845113754272 3.166553497314453 0.9998687067232592 -0.016098022894539467 -0.0018501282236615263 -0.009508598239273896 -0.49043940436511235 -0.871423420161243 0 0 0 0 0 0
-0.3930692672729492 1.3926538228988647 2.6609134674072266 0.818740014910451 -0.5041319688053879 0.27480128459095315 -0.009512252915934707 -0.4904548020663507 -0.8714147142288338 0 0 0 0 0 0
-0.11738299578428268 1.3892053365707397 2.212575912475586 0.3530824017819538 -0.8169813336872769 0.4559323611660455 -0.009517320868175602 -0.49043069885637747 -0.8714282243666069 0 0 0 0 0 0
0.23192501068115234 1.2154077291488647 1.8593082427978516 -0.23527567552383813 -0.8459071362441946 0.4786297873701005 -0.009490355454919533 -0.4904306707994197 -0.871428534242809 0 0 0 0 0 0
0.5321760177612305 0.8652222752571106 1.6058406829833984 -0.7418787000511583 -0.5808552692930482 0.3349972396078868 -0.009510371247948693 -0.4904323593750004 -0.8714273657147776 0 0 0 0 0 0
0.6777334213256836 0.3939278721809387 1.4222240447998047 -0.9906548005416996 -0.11395469870202021 0.07494926822469335 -0.009514520864930974 -0.4904333998828302 -0.8714267348274776 0 0 0 0 0 0
0.6167268753051758 -0.10112827271223068 1.2542362213134766 -0.8951632341308217 0.39255212460325917 -0.2111530575907321 -0.009516093631689308 -0.49043770179918517 -0.8714242965490041 0 0 0 0 0 0
0.3690671920776367 -0.5143324732780457 1.0422191619873047 -0.48857467389670167 0.7626382837859105 -0.4238839890003075 -0.009513599814140773 -0.49044205176991884 -0.8714218756000384 0 0 0 0 0 0
-0.056820861995220184 -1.1974645853042603 0.5490169525146484 0.09574402527902279 -0.11687272419896834 -0.9885210407278551 -0.045394804973890986 -0.9925627165713042 0.11295381956346248 0 0 0 0 0 0
-0.43340206146240234 -1.6764799356460571 0.34272193908691406 0.6875071499850571 -0.021896396155708764 -0.7258474127217212 -0.033720607776445706 -0.9994296956726891 -0.0017899773136170177 0 0 0 0 0 0
-0.6200456619262695 -2.0596091747283936 0.03385734558105469 0.9766730462290688 -0.03258701963749677 -0.21224478066792782 -0.03373907888132692 -0.9994290407294981 -0.0018075128643653693 0 0 0 0 0 0
-0.6030416488647461 -2.44953989982605 -0.3192596435546875 0.9264197434539768 -0.03192890136741297 0.3751359809404291 -0.03372567982349423 -0.9994295479950412 -0.0017768271922312742 0 0 0 0 0 0
-0.3928651809692383 -2.846123456954956 -0.5941543579101562 0.5542287415635562 -0.020189298166107875 0.8321195192185057 -0.03372372121603056 -0.9994295956716833 -0.0017871549678874085 0 0 0 0 0 0
-0.06712435930967331 -3.2469184398651123 -0.6955451965332031 -0.010585902969450087 -0.0014400566761755642 0.9999429308190998 -0.03371576410138051 -0.9994298478318546 -0.0017962499425703878 0 0 0 0 0 0
0.2564058303833008 -3.648014783859253 -0.5884323120117188 -0.5717169631671873 0.017824216522339904 0.8202572836203612 -0.03373325852973061 -0.9994292609083866 -0.0017943547817847725 0 0 0 0 0 0
0.46072864532470703 -4.045395851135254 -0.3102874755859375 -0.934161650197751 0.030889509081866807 0.35551068834635097 -0.03373090980929032 -0.9994293385217797 -0.0017952786289893712 0 0 0 0 0 0
0.4702634811401367 -4.436333179473877 0.04199028015136719 -0.9719626358462641 0.03321644376856701 -0.23277736655902034 -0.03372517066975735 -0.9994295322882585 -0.0017952307285413849 0 0 0 0 0 0
0.27713489532470703 -4.820346355438232 0.3457317352294922 -0.6719860709299549 0.024003963564817894 -0.7401746619611487 -0.03371770480170603 -0.9994297752885518 -0.0018001804298671932 0 0 0 0 0 0
-0.05611514300107956 -5.1993536949157715 0.4951343536376953 -0.1384832300365962 0.006456379290971463 -0.9903437333396331 -0.033713502862464384 -0.9994299149545357 -0.0018013380338480324 0 0 0 0 0 0
-0.41823863983154297 -5.577011585235596 0.4380359649658203 0.4431514316416907 -0.013360950961419357 -0.8963471947986039 -0.03375399688555261 -0.999428567821784 -0.001790395472497632 0 0 0 0 0 0
-0.687962532043457 -5.957458972930908 0.19404029846191406 0.8707766464666651 -0.028495842966051704 -0.4908523392038816 -0.03371534436653935 -0.9994298720657588 -0.0017906358833339815 0 0 0 0 0 0
-0.7761144638061523 -6.343842029571533 -0.15230178833007812 0.9957888749402758 -0.033769605108779466 0.08522986751120082 -0.033738400827482654 -0.9994290647528868 -0.001806885932780644 0 0 0 0 0 0
-0.6566305160522461 -6.73727560043335 -0.4808807373046875 0.774739431637183 -0.027284487403383424 0.6316916730602276 -0.03372439334182134 -0.9994295377708764 -0.0018067442592654202 0 0 0 0 0 0
-0.37560176849365234 -7.136392116546631 -0.6777381896972656 0.28445471621983687 -0.011329747540700425 0.9586225280270414 -0.03370117555594588 -0.9994303117964194 -0.0018118025994132076 0 0 0 0 0 0
-0.0352621003985405 -7.537866115570068 -0.6747093200683594 -0.30469095286510944 0.008573592889310701 0.9524126819541622 -0.033722758467825825 -0.999429620247449 -0.001791572873411074 0 0 0 0 0 0
0.2517514228820801 -7.937921524047852 -0.45961835980415344 -0.8049532996174502 0.02609848988714954 0.5927639110645904 -0.033723496262936005 -0.9994295945761597 -0.0017920058976186137 0 0 0 0 0 0
0.3552755117416382 -8.33202838897705 -0.10940701514482498 -0.9994003204742349 0.033710000166559 0.007914248212374544 -0.03372519347665829 -0.9994295334408595 -0.0017941602905893435 0 0 0 0 0 0
0.23098623752593994 -8.718450546264648 0.24260838329792023 -0.8141585309931693 0.028512477421194928 -0.5799421738780087 -0.033724367443310886 -0.9994295652673775 -0.0017919570333912505 0 0 0 0 0 0
-0.07889049500226974 -9.098374366760254 0.46242594718933105 -0.3196042541225148 0.01248359661185763 -0.9474688810522609 -0.03372068019027338 -0.9994296870679552 -0.001793414273055736 0 0 0 0 0 0
-0.4616210162639618 -9.475451469421387 0.4662679433822632 0.296372988086419 -0.008289813808120848 -0.9550362982210437 -0.03372743515924514 -0.9994294628119569 -0.0017913628840723875 0 0 0 0 0 0
-0.7767933011054993 -9.854418754577637 0.2524093687534332 0.7997531974005723 -0.025911332894468744 -0.5997694774454542 -0.03372533577239041 -0.9994295306999748 -0.0017930119542390556 0 0 0 0 0 0
-0.9096618294715881 -10.23929214477539 -0.09816664457321167 0.9992938436957071 -0.03368854756430562 -0.01664018373899215 -0.03372296679698811 -0.999429612250438 -0.0017921125378362096 0 0 0 0 0 0
-0.814741313457489 -10.631844520568848 -0.45253580808639526 0.8191859518557715 -0.028669833424475436 0.5728109783633398 -0.03372327199277641 -0.9994295978562021 -0.0017943954668448849 0 0 0 0 0 0
-0.5330871939659119 -11.03093147277832 -0.6763336062431335 0.3278556385033669 -0.012760162037994835 0.9446416561672016 -0.033721097958621694 -0.9994296670809887 -0.001796694422899491 0 0 0 0 0 0
-0.17669838666915894 -11.432927131652832 -0.6848003268241882 -0.2880325192772414 0.007998943396621966 0.9575872204365216 -0.03372308217223595 -0.9994296029985151 -0.0017950986143961515 0 0 0 0 0 0
0.11403340846300125 -11.833099365234375 -0.4749850034713745 -0.7944923242056529 0.025718212650641364 0.6067293633213711 -0.03372225797517965 -0.9994296326071275 -0.001794096942105706 0 0 0 0 0 0
0.2236606478691101 -12.227408409118652 -0.1268656998872757 -0.9991111802995583 0.03366708821753707 0.025364868842085032 -0.033723338157576686 -0.9994295980903167 -0.001793021064544084 0 0 0 0 0 0
0.10554046928882599 -12.614044189453125 0.2270355224609375 -0.8241510069675014 0.02882480639164268 -0.5656361447529126 -0.03372258506847831 -0.9994296182150435 -0.001795965153238434 0 0 0 0 0 0
-0.20044496655464172 -12.994108200073242 0.4519999623298645 -0.33608206711437827 0.01303195995827588 -0.9417425402857049 -0.033721745131443444 -0.9994296467149524 -0.0017958765312972296 0 0 0 0 0 0
-0.5830402970314026 -13.37120246887207 0.46229416131973267 0.2796699981768289 -0.007712841392501074 -0.9600652083048457 -0.033721894471194426 -0.9994296446669628 -0.0017942112870016767 0 0 0 0 0 0
-0.9018848538398743 -13.750054359436035 0.25374147295951843 0.7891707954739903 -0.025527479957032046 -0.6136430585755802 -0.033725113594975126 -0.9994295332584299 -0.0017957627468884949 0 0 0 0 0 0
0.16828186810016632 -10.666247367858887 0.2348373830318451 -0.8191859480319112 0.028669833290648147 -0.5728109838386003 0.03372567362998983 0.9994295229834664 0.001790957074906573 0 0 0 0 0 0
0.2894907295703888 -10.279719352722168 -0.11813486367464066 -0.9992937634561327 0.03369092841701975 0.016640182092680773 0.03372530787245792 0.9994295375901088 0.0017896930824346864 0 0 0 0 0 0
0.18291054666042328 -9.88551139831543 -0.4673139750957489 -0.799753210850322 0.02591133091630375 0.5997694595965571 0.03372432609101323 0.9994295671806903 0.0017916681403165463 0 0 0 0 0 0
-0.10597341507673264 -9.485397338867188 -0.6797756552696228 -0.29637300038926667 0.008287429445557803 0.9550363150966819 0.03372392444991256 0.9994295787610843 0.0017927680102532715 0 0 0 0 0 0
-0.4624156057834625 -9.083394050598145 -0.6745367050170898 0.31960427648670275 -0.012483596757851916 0.9474688735063536 0.03372385869756535 0.9994295817473187 0.0017923400699617446 0 0 0 0 0 0
-0.7460039854049683 -8.684236526489258 -0.45332223176956177 0.8141585135692535 -0.02851247942024813 0.5799421982404916 0.0337248562024594 0.9994295499982646 0.0017912745155189023 0 0 0 0 0 0
-0.8440049290657043 -8.29157829284668 -0.09990993142127991 0.9994004008409445 -0.03370762151859221 -0.007914230886107963 0.03372280498765413 0.9994296162620446 0.001792919983493334 0 0 0 0 0 0
-0.7141925096511841 -7.9066033363342285 0.2516983449459076 0.8049532512769854 -0.026098491339405585 -0.5927639766453568 0.03372341837040055 0.9994295974040167 0.0017918946006887345 0 0 0 0 0 0
-0.2989377975463867 -7.531056880950928 0.49126243591308594 0.1347680867461214 -0.0027751947784443102 -0.9908732820541343 0.0337214158055971 0.9994296732536453 0.0017872705944635273 0 0 0 0 0 0
0.06297207623720169 -7.153184413909912 0.43420982360839844 -0.4465075444967965 0.016670259918075078 -0.8946245665874067 0.03372286903075034 0.9994296156131897 0.0017920768975772335 0 0 0 0 0 0
0.33178043365478516 -6.7718329429626465 0.19061851501464844 -0.8726055130907252 0.030317237929516332 -0.48748382907333176 0.03371810897883557 0.999429762453478 0.0017997358351025557 0 0 0 0 0 0
0.4186372756958008 -6.384159564971924 -0.15461349487304688 -0.9954637180366391 0.03343582210660697 0.08907318267989421 0.03372849551205802 0.9994294433644985 0.0017822251883070756 0 0 0 0 0 0
0.2979288101196289 -5.989517688751221 -0.4812812805175781 -0.7723680696027603 0.024928909480858606 0.6346858392387535 0.033729352580885594 0.9994293985629887 0.001791106500701595 0 0 0 0 0 0
0.016169555485248566 -5.589672565460205 -0.67559814453125 -0.2808689666799561 0.007743866174709697 0.9597148827088188 0.033745676493021376 0.9994288104870248 0.0018116529797294974 0 0 0 0 0 0
-0.3241548538208008 -5.188222408294678 -0.6698074340820312 0.3082539720731691 -0.012102174690027565 0.9512271159238923 0.03371278745170492 0.9994299585564287 0.0017905033180179515 0 0 0 0 0 0
-0.6002054214477539 -4.789283275604248 -0.46567535400390625 0.7902387229837721 -0.027770835323479025 0.612169536486759 0.03373269955032426 0.9994292807979277 0.0017937850441902415 0 0 0 0 0 0
-0.7114763259887695 -4.396141529083252 -0.13389205932617188 0.9976048160285013 -0.03376960548825532 0.06036758055370126 0.03372205052318006 0.9994296169703808 0.001806662932101333 0 0 0 0 0 0
-0.6147336959838867 -4.010037422180176 0.21047401428222656 0.8582776270425938 -0.028047555094741085 -0.5124186272681174 0.033722567111214984 0.999429648558655 0.0017793395833257738 0 0 0 0 0 0
-0.33903026580810547 -3.6297805309295654 0.44799232482910156 0.4206794642263366 -0.01256944906270872 -0.907122261510819 0.03372760855977938 0.9994294544903526 0.0017927403477760971 0 0 0 0 0 0
0.024392135441303253 -3.2521445751190186 0.4963703155517578 -0.16311543733695813 0.007276529932692149 -0.9865801570143763 0.033727208741184435 0.9994294638567459 0.0017950391489265428 0 0 0 0 0 0
0.35380077362060547 -2.8729941844940186 0.33902549743652344 -0.6902210260424635 0.02459525077915153 -0.7231804815175804 0.03374437095779529 0.9994289043698982 0.001783967109504964 0 0 0 0 0 0
0.5392904281616211 -2.4887168407440186 0.030893325805664062 -0.9774600402088441 0.03335949855115806 -0.20846825574014852 0.03372862950530374 0.9994294342214097 0.0017848147149761965 0 0 0 0 0 0
0.5209665298461914 -2.097477674484253 -0.3207130432128906 -0.9250069030101389 0.03052702017994921 0.3787219698176017 0.03372650744240353 0.9994294501832238 0.0018157098327262532 0 0 0 0 0 0
0.3097658157348633 -1.6998792886734009 -0.5933418273925781 -0.5511036950868516 0.017099510146840215 0.8342615441301107 0.03372554872266769 0.9994295220549574 0.0017938250624075357 0 0 0 0 0 0
0.079682357609272 -1.2062422037124634 -0.630584716796875 -0.10538195191315917 -0.002279291673107289 0.9944292076565537 0.0332769198201894 0.9994292406066217 0.005817183833443634 0 0 0 0 0 0
0.0062303608283400536 -0.42921510338783264 -1.0912017822265625 -0.08808656785963183 0.8015576873936953 0.5913932958216399 0.05683656653924125 0.5967782962689572 -0.8003906982257798 0 0 0 0 0 0
-0.2840547561645508 -0.1798826903104782 -1.3323402404785156 0.4337363749588926 0.7685670522117919 0.47029505982095493 0.010992072881153033 0.5173948393704667 -0.8556761972420317 0 0 0 0 0 0
-0.5390729904174805 0.22909481823444366 -1.5438232421875 0.8659032139097687 0.42304049099480107 0.2669238976180496 0.010991136251939282 0.5174020287867238 -0.8556718620658704 0 0 0 0 0 0
-0.6135396957397461 0.7262833714485168 -1.6996498107910156 0.9971536297721747 -0.06950393041550569 -0.02922057988769878 0.010990048330441302 0.5174079984108574 -0.8556682663381675 0 0 0 0 0 0
-0.4800844192504883 1.2089799642562866 -1.861572265625 0.7818683537184584 -0.5378904156920397 -0.3152075160275086 0.01099227496105231 0.5174063077102257 -0.8556692600724021 0 0 0 0 0 0
-0.18359851837158203 1.579520583152771 -2.0892181396484375 0.2948614232872731 -0.8193576100062984 -0.4916399576740791 0.010975500354022446 0.5173854957383289 -0.8556820596410692 0 0 0 0 0 0
0.17436885833740234 1.7792085409164429 -2.4193801879882812 -0.2946092793715744 -0.8160692304893302 -0.4972287034722692 0.010990157886943804 0.5173939147536694 -0.8556767809199293 0 0 0 0 0 0
0.47090625762939453 1.8087419271469116 -2.8532180786132812 -0.7817006427465328 -0.5291859790556771 -0.3300095524383226 0.010967205983412987 0.5174089152732585 -0.8556680050046676 0 0 0 0 0 0
0.6044492721557617 1.727927565574646 -3.355865478515625 -0.9971341266703043 -0.05838394470102772 -0.04811287177665548 0.01099458611612273 0.5173766501306419 -0.8556871630308185 0 0 0 0 0 0
0.5300760269165039 1.634940505027771 -3.8685531616210938 -0.8660388209190254 0.43269033697524356 0.25051114336379227 0.010991572681734611 0.5174013535762508 -0.8556722647412651 0 0 0 0 0 0
0.27512264251708984 1.6321748495101929 -4.329002380371094 -0.43397549079710684 0.773403140630933 0.4620745128760291 0.0110027916722252 0.517400772633852 -0.8556724718333006 0 0 0 0 0 0
-0.07032298296689987 1.7906755208969116 -4.6930999755859375 0.14890096907869751 0.8453407809470165 0.5130569807295418 0.010976797098077102 0.5173959933938344 -0.8556756955444481 0 0 0 0 0 0
-0.3847188949584961 2.125441789627075 -4.950222015380859 0.6800327983718312 0.6234993713906146 0.38575112056102284 0.011003935077736702 0.5173943715992331 -0.8556763276205787 0 0 0 0 0 0
-0.5573205947875977 2.5902130603790283 -5.1269073486328125 0.9748401339602449 0.18498419010751074 0.1243686561422925 0.010987606541635586 0.5173882314387152 -0.8556802501350635 0 0 0 0 0 0
-0.5266542434692383 3.0935585498809814 -5.277660369873047 0.9308645122154857 -0.317820842802983 -0.18022533611517375 0.010991938278450254 0.5174128148615003 -0.8556653296178254 0 0 0 0 0 0
-0.30188846588134766 3.5306332111358643 -5.465995788574219 0.5634005644193234 -0.7101705712011154 -0.4221819084374288 0.010978336091029214 0.5173924534780363 -0.855677816248996 0 0 0 0 0 0
0.04035282880067825 3.819627046585083 -5.7423553466796875 0.000133514407889765 -0.8557224503957661 -0.5174350877767844 0.011017146217576448 0.5174049476664886 -0.855669762595044 0 0 0 0 0 0
0.39646416902542114 3.9217958450317383 -6.131497383117676 -0.5862287939223038 -0.6898953881050542 -0.4247118489608901 0.011015012088579548 0.5174054696968476 -0.855669474409642 0 0 0 0 0 0
0.6189438104629517 3.866703510284424 -6.617453098297119 -0.9498728003754551 -0.26196598833102597 -0.1706325996538753 0.0110142686794493 0.5174063433909105 -0.8556689556740411 0 0 0 0 0 0
0.6248999238014221 3.7518961429595947 -7.142304420471191 -0.9526442448765575 0.26548861655714034 0.14827250986662857 0.011014808811135911 0.5174060127084996 -0.8556691486783582 0 0 0 0 0 0
0.41370072960853577 3.6976070404052734 -7.633357048034668 -0.5934902827115786 0.6920797704517593 0.41084653540996413 0.0110156682146418 0.5174061808976675 -0.8556690359143978 0 0 0 0 0 0
0.0672154501080513 3.801077365875244 -8.030756950378418 -0.008859322824558464 0.8557384147620548 0.5173328502034408 0.01101482279611395 0.5174052786345034 -0.8556695923777602 0 0 0 0 0 0
-0.28128930926322937 4.099613189697266 -8.31023120880127 0.5791368818155338 0.6942874479903087 0.42727673899252316 0.011014783626321781 0.5174059665855976 -0.8556691768921498 0 0 0 0 0 0
-0.4977796971797943 4.556412220001221 -8.492307662963867 0.9471101810768817 0.2690649332516392 0.17488958400890306 0.011014613972804477 0.5174053579692848 -0.8556695470937986 0 0 0 0 0 0
-0.4983763098716736 5.074544429779053 -8.634517669677734 0.9552595869218373 -0.2583801069384589 -0.1439404110470422 0.011014634449085679 0.51740538611627 -0.8556695298103274 0 0 0 0 0 0
-0.28122133016586304 5.533778667449951 -8.809538841247559 0.6004895810115926 -0.6876609342009721 -0.4080866362310443 0.011015368248083577 0.5174079962585361 -0.8556679420605203 0 0 0 0 0 0
0.07281533628702164 5.836260795593262 -9.077583312988281 0.017583813843870075 -0.8556888833256996 -0.5171917869064834 0.011016961732157285 0.5174061741520016 -0.8556690233399716 0 0 0 0 0 0
0.4308602213859558 5.94368839263916 -9.463521957397461 -0.5720027774420312 -0.698626389010238 -0.4298069231377243 0.011013562565982196 0.5174052284009548 -0.8556696389746227 0 0 0 0 0 0
0.6585171222686768 5.891863822937012 -9.947434425354004 -0.9442753749652437 -0.27614351913614743 -0.17913339463470382 0.011015404191404338 0.517403478824949 -0.8556706731975455 0 0 0 0 0 0
0.6709263920783997 5.777092456817627 -10.47218132019043 -0.9578024502136996 0.25125145666011556 0.139596460882086 0.011015375785916985 0.5174057843919693 -0.8556692794380468 0 0 0 0 0 0
0.465004563331604 5.7195940017700195 -10.965106010437012 -0.6074447551912132 0.6831914085672511 0.40529047441382365 0.011014074262031406 0.5174034897792249 -0.855670683693458 0 0 0 0 0 0
0.12061580270528793 5.817829132080078 -11.365645408630371 -0.026307812994804537 0.8555745809075476 0.5170106725013562 0.011016651796054112 0.5174064075578342 -0.8556688861944794 0 0 0 0 0 0
-0.22976982593536377 6.111092567443848 -11.648331642150879 0.5648233371276017 0.7029115606027434 0.4323076865000848 0.011015896091889821 0.517405640397555 -0.8556693598102534 0 0 0 0 0 0
0.6479355096817017 4.764488697052002 -8.807245254516602 -0.9552599180046702 0.2583801864140374 0.14393807113601945 -0.011017434232204968 -0.5174072090374335 0.8556683914806208 0 0 0 0 0 0
0.6387524008750916 4.8792901039123535 -8.282439231872559 -0.9471101868314665 -0.26906491901167123 -0.17488957475306263 -0.011014674497096071 -0.5174052030271967 0.8556696400048961 0 0 0 0 0 0
0.4136755168437958 4.932758331298828 -7.797499656677246 -0.5791371768005419 -0.6942878016275833 -0.4272757645346097 -0.011016124720417138 -0.5174040728294633 0.8556703047410421 0 0 0 0 0 0
0.056584279984235764 4.827963352203369 -7.409957408905029 0.008859304199558243 -0.8557384149032669 -0.5173328502888098 -0.011015296196442963 -0.5174052793500465 0.8556695858509903 0 0 0 0 0 0
-0.29848748445510864 4.528102874755859 -7.140341281890869 0.5934900258242622 -0.692080088657744 -0.41084637047271827 -0.011015010675273353 -0.5174054415454294 0.8556694914504097 0 0 0 0 0 0
-0.5182731747627258 4.0704827308654785 -6.964377403259277 0.9526442448765575 -0.26548861655714034 -0.14827250986662857 -0.011014356551286165 -0.5174048019960763 0.8556698865924653 0 0 0 0 0 0
-0.5209035277366638 3.552344560623169 -6.822212219238281 0.9498727967342943 0.2619659976008287 0.17063260569179864 -0.011015077366779183 -0.5174042359587429 0.8556702195837796 0 0 0 0 0 0
-0.30701038241386414 3.093921422958374 -6.641151428222656 0.586228928399602 0.6898953052396326 0.42471179794746544 -0.011015029766520032 -0.5174054562641678 0.8556694823045352 0 0 0 0 0 0
0.14469432830810547 2.79997181892395 -6.357566833496094 -0.17376809299662785 0.8436973384039613 0.5079167756890756 -0.010996284172134834 -0.5173934682584658 0.8556769721909558 0 0 0 0 0 0
0.4551248550415039 2.734645128250122 -5.937580108642578 -0.6982932005719358 0.616477374285892 0.3637887478036872 -0.01099281998177259 -0.5173940840713529 0.8556766443445878 0 0 0 0 0 0
0.6199502944946289 2.797858476638794 -5.441738128662109 -0.9801393727335991 0.1750278602378364 0.09323120806871295 -0.011001366582759164 -0.5173951650285755 0.8556758808908693 0 0 0 0 0 0
0.5804052352905273 2.8975632190704346 -4.92645263671875 -0.9213688062270345 -0.32725520343984327 -0.2097225661041658 -0.010988744472013326 -0.5174163713178631 0.8556632200738702 0 0 0 0 0 0
0.3487424850463867 2.929030656814575 -4.454902648925781 -0.5424040162404625 -0.7158110531691859 -0.4397867884862358 -0.010991585368838706 -0.5173910344629802 0.8556785041757256 0 0 0 0 0 0
0.0039796894416213036 2.811244249343872 -4.075046539306641 0.025062592486213158 -0.8556089408285776 -0.517015673681243 -0.01098492155167781 -0.5173826098272958 0.8556836836978954 0 0 0 0 0 0
-0.3355550765991211 2.5150482654571533 -3.803009033203125 0.58382049875512 -0.6980515274914293 -0.4145813432852535 -0.01100625420933821 -0.5173998255670795 0.855672999966363 0 0 0 0 0 0
-0.5533590316772461 2.0733025074005127 -3.6174087524414062 0.93968303287756 -0.29790873976383053 -0.1680660004116136 -0.010995573655803538 -0.5174098018129293 0.855667104864903 0 0 0 0 0 0
-0.5752229690551758 1.5694383382797241 -3.4668540954589844 0.968984595638695 0.20575502159995562 0.13687119675562287 -0.010997635472903304 -0.5174097072985635 0.8556671355189587 0 0 0 0 0 0
-0.39504146575927734 1.1084779500961304 -3.2877578735351562 0.6615434510813598 0.6379209438569634 0.3942297955761403 -0.01098552889375936 -0.5174047406334433 0.8556702942868611 0 0 0 0 0 0
-0.0769185945391655 0.78053218126297 -3.0264663696289062 0.12420290265443851 0.8483966811244261 0.5145840168808887 -0.010998293700446582 -0.5173906731115425 0.8556786364709964 0 0 0 0 0 0
0.26710033416748047 0.6294854283332825 -2.6578826904296875 -0.4562971326487919 0.764031964587124 0.4561228823745094 -0.01098383579692113 -0.5173941074248077 0.8556767455957143 0 0 0 0 0 0
0.5159749984741211 0.6377556920051575 -2.194183349609375 -0.8782317251780842 0.4141438755098848 0.2391524352131483 -0.010968567762480065 -0.5173843851121208 0.8556828200702599 0 0 0 0 0 0
0.5817270278930664 0.73237544298172 -1.6806144714355469 -0.9949571438375961 -0.07965113356913268 -0.06095882912002947 -0.011001808715004287 -0.5174257187969917 0.8556573997415176 0 0 0 0 0 0
0.4400167465209961 0.8103898167610168 -1.1797599792480469 -0.7659094569237035 -0.5457872960839203 -0.33985133695226283 -0.010984885139439054 -0.517397199600994 0.8556748624001541 0 0 0 0 0 0
0.13860416412353516 0.7745965123176575 -0.7497711181640625 -0.2706920479289356 -0.8222328939812008 -0.5006584496873474 -0.010990777776756598 -0.5174013768412314 0.8556722608841892 0 0 0 0 0 0
-0.2192525863647461 0.5673592686653137 -0.4241752624511719 0.31859507154977873 -0.8129432892752902 -0.48746321790106717 -0.010993037964091722 -0.5173951388125685 0.8556760037826485 0 0 0 0 0 0
-0.30366992950439453 0.34994444251060486 0.5631504058837891 0.632652620835713 -0.6778233708451545 0.37457461110680623 0.00950937118646523 0.4904370680817781 0.8714247265891573 0 0 0 0 0 0
-0.49573612213134766 0.285296767950058 1.0489025115966797 0.9589429499816712 -0.2514921286890466 0.13107298687335256 0.009508859682760211 0.4904297944856959 0.8714288257042291 0 0 0 0 0 0
-0.48784732818603516 0.16820843517780304 1.5619831085205078 0.9519796472383306 0.262250406446171 -0.1579856815119698 0.009512377310840214 0.49043625392114865 0.8714251519882168 0 0 0 0 0 0
-0.28145885467529297 0.10580380260944366 2.042123794555664 0.6141796543689635 0.6848420446308596 -0.3921412067929661 0.009508795658324798 0.4904475734797654 0.8714188203573173 0 0 0 0 0 0
0.0529947355389595 0.18619854748249054 2.4404964447021484 0.06293784683635453 0.8694378053958803 -0.49001707111487364 0.009501168958155714 0.49044625825039434 0.8714196437748097 0 0 0 0 0 0
0.4005708694458008 0.4478829503059387 2.736696243286133 -0.5101700526496437 0.7518918223872793 -0.4175945459492927 0.009514419934732243 0.4904376165071571 0.8714243628267941 0 0 0 0 0 0
0.6417703628540039 0.86634761095047 2.945821762084961 -0.905991419056821 0.3730397228678529 -0.20005227756285 0.009521548737375696 0.49044614529078884 0.8714194849089894 0 0 0 0 0 0
0.6940584182739258 1.3625978231430054 3.1132335662841797 -0.9869558279195171 -0.13545068046692002 0.08701325701724258 0.009518216377882069 0.4904446679262048 0.8714203527917734 0 0 0 0 0 0
0.5405511856079102 1.8306039571762085 3.2987899780273438 -0.7249260163176419 -0.5968761620658333 0.3438329798367156 0.009514828023050797 0.49043301772172954 0.8714269465514879 0 0 0 0 0 0
0.2358865737915039 2.174151659011841 3.5560379028320312 -0.2109718869039661 -0.8508584604080836 0.48117641597252664 0.009506794428665843 0.4904467369211165 0.8714193130193525 0 0 0 0 0 0
-0.11276721209287643 2.3402817249298096 3.913616180419922 0.3762962938979818 -0.809160033074116 0.45128831147520254 0.009500897561404952 0.4904341648641272 0.8714264529376842 0 0 0 0 0 0
-0.38296031951904297 2.337695360183716 4.365291595458984 0.832800045687831 -0.4862588644485223 0.2645683288823147 0.009510360035625269 0.4904248462959951 0.8714315940953384 0 0 0 0 0 0
-0.4795045852661133 2.233718156814575 4.872142791748047 0.999884824777509 0.005626678548273968 -0.014095306600591398 0.009524393793937378 0.49044944585158506 0.8714175962113292 0 0 0 0 0 0
-0.3675565719604492 2.1309120655059814 5.376043319702148 0.8194880698044352 0.49555786096182247 -0.28785709976852086 0.00951913317049584 0.49044467693741867 0.871420337705882 0 0 0 0 0 0
-0.08473681658506393 2.131434679031372 5.819929122924805 0.3542973873737337 0.8132790966476344 -0.46157390768559964 0.009520119395408888 0.4904293266108749 0.8714289660819756 0 0 0 0 0 0
0.27196216583251953 2.3015434741973877 6.167570114135742 -0.2340172659623045 0.8483594858627187 -0.4748916739407754 0.009532497648643288 0.49043353396357037 0.8714264629058395 0 0 0 0 0 0
0.5798616409301758 2.6485397815704346 6.416189193725586 -0.7410011474430438 0.5886180419377325 -0.32318121881304096 0.009506546094943669 0.4904271655228141 0.8714303304903973 0 0 0 0 0 0
0.7148832082748413 3.0436012744903564 6.639649391174316 -0.9598602612033204 0.24877668094469074 -0.1295316254079954 0.009512855941321582 0.4904332216974062 0.8714268532856573 0 0 0 0 0 0
0.7078131437301636 3.5569567680358887 6.7980828285217285 -0.9418970033835141 -0.2882277413895836 0.1724958089653646 0.009513038784841206 0.49043508293971344 0.8714258037922648 0 0 0 0 0 0
0.48603755235671997 4.004610538482666 6.9958367347717285 -0.5660915474054266 -0.7157291049391098 0.40898925205827896 0.009511862476390902 0.49043565918860693 0.8714254923219008 0 0 0 0 0 0
0.1352214366197586 4.289113998413086 7.286819934844971 0.024781759694696853 -0.8713141985880647 0.49009941004379204 0.00951424965976448 0.49043333463839645 0.8714267745076889 0 0 0 0 0 0
-0.2099456936120987 4.375001430511475 7.689520835876465 0.6062402445847288 -0.6958713990919814 0.3850139760730986 0.009512978338553841 0.4904334576250288 0.8714267191709751 0 0 0 0 0 0
-0.41692039370536804 4.30226469039917 8.179986000061035 0.9573775862620524 -0.25605561235389757 0.13365508110474772 0.009513172874408624 0.49043366203768013 0.8714266020051099 0 0 0 0 0 0
-0.40566086769104004 4.1711602210998535 8.70091724395752 0.9447914961480921 0.28103952470193977 -0.16848090206773425 0.009513008120851867 0.4904328315208545 0.8714270712130362 0 0 0 0 0 0
-0.17903611063957214 4.104118824005127 9.183444023132324 0.5732633050996874 0.7113638392805848 -0.40660874460612517 0.00951369421327818 0.49043265141865305 0.8714271650831675 0 0 0 0 0 0
0.17826421558856964 4.19923210144043 9.573284149169922 -0.016057064708758412 0.8714285309708679 -0.49025961090313536 0.009510456408771057 0.4904337541914723 0.8714265797923285 0 0 0 0 0 0
0.5319043397903442 4.492987632751465 9.85136890411377 -0.5992775665529456 0.7004241827210376 -0.38764979361009105 0.009516313637559165 0.49043327610720355 0.87142678491168 0 0 0 0 0 0
0.7489392161369324 4.946404933929443 10.041089057922363 -0.9548219696769339 0.2633154708961477 -0.13776780831892613 0.00951408722422318 0.4904337222815906 0.8714265581179598 0 0 0 0 0 0
0.7483224272727966 5.459845066070557 10.199405670166016 -0.9476136098544881 -0.2738308599465038 0.16445396486404357 0.009513357554854038 0.49043011641269996 0.8714285954359423 0 0 0 0 0 0
0.5316970348358154 5.910865306854248 10.395209312438965 -0.580391528776016 -0.7069436578112792 0.40419838941471337 0.009513310803225941 0.49043239543825146 0.8714273133327071 0 0 0 0 0 0
0.1827715039253235 6.200737953186035 10.683150291442871 0.007331453057270316 -0.8714779881686324 0.49037981803253494 0.009516558816695983 0.49043159614616405 0.871427727703115 0 0 0 0 0 0
-0.16448284685611725 6.291957378387451 11.082873344421387 0.5922694843931199 -0.7049222338388481 0.3902582505167011 0.009515894516902707 0.4904334358765231 0.8714266995713934 0 0 0 0 0 0
-0.37672948837280273 6.222489833831787 11.571555137634277 0.9521932377810829 -0.27055497477231993 0.14187333628954846 0.009510822115572316 0.4904310263151395 0.8714281110281932 0 0 0 0 0 0
