t = 0
b = 32 32 32
E = 0 0 0
-0.2989291846752167 -7.399153709411621 0.487053245306015 0.1347680036063512 -0.002775181559558096 -0.9908732933989441 0.03372146862735077 0.9994296714397994 0.0017872882669513035 0 0 0 0 0 0
0.06298069655895233 -7.0212812423706055 0.4300006330013275 -0.4465066646004127 0.01667026879230922 -0.8946250055782069 0.03372292630017617 0.9994296136564416 0.0017920904801372547 0 0 0 0 0 0
0.3317890465259552 -6.63992977142334 0.1864093393087387 -0.8726074694930811 0.030317316094028064 -0.4874803221974569 0.033718095314813595 0.9994297628021689 0.0017997981947494017 0 0 0 0 0 0
0.4186458885669708 -6.252256393432617 -0.15882457792758942 -0.99546368018427 0.033435961289455265 0.08907355346363724 0.03372862260796619 0.9994294393633189 0.0017820636609416065 0 0 0 0 0 0
0.29793742299079895 -5.857614517211914 -0.48548856377601624 -0.7723722980032363 0.02492908022414745 0.6346806868310851 0.03372934734164405 0.9994293988043228 0.0017910705002326412 0 0 0 0 0 0
0.016178175806999207 -5.457769393920898 -0.6798092126846313 -0.28086785439230444 0.0077438694022800994 0.9597152082028 0.033745802091615804 0.9994288062575951 0.0018116466852076316 0 0 0 0 0 0
-0.32414624094963074 -5.056319236755371 -0.6740185022354126 0.30825278024214736 -0.012102180550797191 0.9512275020724025 0.033712716211836385 0.9994299608326733 0.0017905741038282703 0 0 0 0 0 0
-0.6001967787742615 -4.657380104064941 -0.46988263726234436 0.7902432345014194 -0.027771001723677448 0.6121637050560889 0.033732636417324005 0.9994292827102847 0.0017939067819349444 0 0 0 0 0 0
-0.7114676833152771 -4.264238357543945 -0.13810314238071442 0.9976047949958795 -0.033769753579207785 0.06036784528562137 0.03372220861413123 0.9994296119249844 0.0018065031581853625 0 0 0 0 0 0
-0.6147250533103943 -3.87813401222229 0.20626483857631683 0.858277723359619 -0.028047546068447764 -0.5124184664355563 0.03372221981414924 0.9994296612701321 0.0017787816828964743 0 0 0 0 0 0
-0.3390216529369354 -3.497877359390259 0.44378313422203064 0.4206787625646801 -0.012569388027182854 -0.9071225877529847 0.03372763610171361 0.9994294534652893 0.00179279364780083 0 0 0 0 0 0
0.024400755763053894 -3.120241403579712 0.4921611249446869 -0.16311555532106317 0.007276494896513752 -0.9865801377659711 0.03372709659942457 0.9994294676787039 0.0017950182271228247 0 0 0 0 0 0
0.3538093864917755 -2.741091012954712 0.3348163068294525 -0.6902212787023747 0.024595243852830337 -0.7231802406083001 0.033744282935492746 0.9994289072287844 0.0017840304502013942 0 0 0 0 0 0
0.5392990708351135 -2.356813669204712 0.026684148237109184 -0.9774609281167145 0.03335959369564418 -0.20846407727393426 0.03372871677886347 0.9994294313857676 0.0017847533086254657 0 0 0 0 0 0
0.5209751725196838 -1.9655743837356567 -0.32492032647132874 -0.9250098167581855 0.030527211004763532 0.37871483769355907 0.033726521912999775 0.9994294500120011 0.001815535282248634 0 0 0 0 0 0
0.3097744286060333 -1.5679761171340942 -0.5975528955459595 -0.5510995003115041 0.017099373057140065 0.8342643179457354 0.033725600642767556 0.9994295202615971 0.0017938480868365672 0 0 0 0 0 0
0.07969097793102264 -1.0743390321731567 -0.6347957849502563 -0.10538148611521364 -0.0022792918716322227 0.9944292570176689 0.03327707486440225 0.9994292354399502 0.005817184575538925 0 0 0 0 0 0
0.006238981615751982 -0.297311931848526 -1.0954128503799438 -0.08808645172994993 0.8015566665147996 0.5913946967865956 0.05684214498769048 0.5967798906758283 -0.800389113268131 0 0 0 0 0 0
-0.28404614329338074 -0.047979507595300674 -1.336551308631897 0.433736302654888 0.7685668814615858 0.4702954055481298 0.010995059231269472 0.5173939576815936 -0.8556766919970875 0 0 0 0 0 0
-0.539064347743988 0.3609980046749115 -1.5480343103408813 0.8659031889296098 0.4230404745266806 0.2669240047537377 0.010995354668752177 0.5173959259664063 -0.8556754980534815 0 0 0 0 0 0
-0.6135310530662537 0.8581865429878235 -1.703860878944397 0.9971536322641252 -0.06950387765223909 -0.029220620352148813 0.01098948742415115 0.517402295408466 -0.8556717220244017 0 0 0 0 0 0
-0.48007580637931824 1.3408831357955933 -1.8657833337783813 0.7818706795904593 -0.5378919066795246 -0.3151992022918508 0.010987903591417384 0.5173908511510952 -0.8556786623025089 0 0 0 0 0 0
-0.1835898905992508 1.7114237546920776 -2.0934255123138428 0.29486034230531294 -0.8193547930689803 -0.49164530060856115 0.010987079044892318 0.5173938767358662 -0.8556768434463402 0 0 0 0 0 0
0.17437748610973358 1.9111117124557495 -2.4235875606536865 -0.2946081219955617 -0.816066023801703 -0.4972346521017283 0.01099858304157928 0.5173976990299503 -0.8556743844533333 0 0 0 0 0 0
0.4709148705005646 1.9406450986862183 -2.8574254512786865 -0.781700389796607 -0.5291858308411443 -0.3300103892740356 0.010973819085082083 0.5174028747765574 -0.8556715727822458 0 0 0 0 0 0
0.6044579148292542 1.8598307371139526 -3.3600757122039795 -0.9971341221927159 -0.058383990244568466 -0.04811290930804441 0.010994064030173493 0.5173827034535589 -0.8556835096711793 0 0 0 0 0 0
0.5300846695899963 1.7668436765670776 -3.872760534286499 -0.8660389515758674 0.43269044038444293 0.25051051305941124 0.010989082732484773 0.5173966635017713 -0.8556751326630532 0 0 0 0 0 0
0.2751312553882599 1.7640780210494995 -4.3332133293151855 -0.43397524433100254 0.7734027721679688 0.4620753610730047 0.011004212783044347 0.5174022182857522 -0.8556715794123401 0 0 0 0 0 0
-0.07031436264514923 1.9225786924362183 -4.697309970855713 0.14890118382052087 0.8453418764694073 0.513055113359207 0.010975258723535719 0.5173943250790445 -0.8556767240447479 0 0 0 0 0 0
-0.38471028208732605 2.257344961166382 -4.954431056976318 0.6800338747574988 0.6235002490950772 0.3857478043497836 0.01099863720659201 0.5173947514538181 -0.8556761660509423 0 0 0 0 0 0
-0.5573119521141052 2.722116231918335 -5.1311163902282715 0.9748401765325969 0.18498403559787197 0.12436855226230077 0.010987107488697816 0.5173900681380114 -0.8556791459777291 0 0 0 0 0 0
-0.5266456007957458 3.225461721420288 -5.281869411468506 0.930864664089562 -0.3178206512438534 -0.18022488949187845 0.01099211453424915 0.5174125390577274 -0.8556654941295119 0 0 0 0 0 0
-0.3018798530101776 3.662536382675171 -5.470204830169678 0.5634008152321223 -0.7101708911045822 -0.4221810356038077 0.01097964236618732 0.5173922662630337 -0.8556779126895312 0 0 0 0 0 0
0.040361449122428894 3.9515302181243896 -5.7465643882751465 0.000133514407889765 -0.8557224503957661 -0.5174350877767844 0.011016440386017514 0.5174049516096662 -0.8556697692983086 0 0 0 0 0 0
0.3826294243335724 4.062093734741211 -6.130818843841553 -0.5631735559152699 -0.7038984460823446 -0.4328539286186633 0.010996339994000534 0.5173912236176185 -0.8556783287136587 0 0 0 0 0 0
0.6074696183204651 4.025888442993164 -6.6053290367126465 -0.9307639828673197 -0.30745143711093864 -0.19786869892780595 0.01100300139089491 0.5173867000426465 -0.8556809782736627 0 0 0 0 0 0
0.6382313370704651 3.9255731105804443 -7.121095180511475 -0.9748998806821481 0.19584745602517972 0.10589615958286043 0.010989904474036406 0.517381062092322 -0.8556845555389395 0 0 0 0 0 0
0.4657116234302521 3.866096258163452 -7.614781856536865 -0.6802359012348927 0.6310699186059701 0.3728671030029435 0.010995392915831268 0.5174189255952474 -0.8556615900988465 0 0 0 0 0 0
0.15135769546031952 3.938209295272827 -8.030721664428711 -0.14917320766338263 0.8469939003158895 0.5102437524782585 0.010998967504355521 0.5174068398529686 -0.8556688522946262 0 0 0 0 0 0
-0.19410128891468048 4.186929702758789 -8.340265274047852 0.43374209216741594 0.7685687475599052 0.4702870163596179 0.010978092282111817 0.5173932493119795 -0.8556773381691473 0 0 0 0 0 0
-0.4491214454174042 4.5959014892578125 -8.55174732208252 0.8659088726866656 0.42303863025978855 0.26690848901904535 0.010969877420791776 0.5174126320016063 -0.8556657233023555 0 0 0 0 0 0
-0.5235862135887146 5.093090057373047 -8.707579612731934 0.9971530238538558 -0.06950860361974398 -0.02923013927344657 0.010983294480001996 0.517396791714066 -0.8556751294541388 0 0 0 0 0 0
0.1447029560804367 2.931874990463257 -6.361775875091553 -0.17376832443930754 0.8436980961889511 0.5079154377538598 -0.011000939471611466 -0.5173928114908461 0.8556773094738107 0 0 0 0 0 0
0.45513346791267395 2.8665482997894287 -5.941789150238037 -0.6982928992112141 0.6164768577173765 0.36379020164114734 -0.01098991783197929 -0.5173934803057989 0.8556770466964154 0 0 0 0 0 0
0.6199589371681213 2.9297616481781006 -5.445947170257568 -0.9801393536880922 0.17502794331826468 0.0932312523227459 -0.01100152038849149 -0.5173957926774765 0.8556754993972817 0 0 0 0 0 0
0.5804138779640198 3.029466390609741 -4.930661678314209 -0.9213686306151184 -0.3272550333417983 -0.20972360303714077 -0.01099058824401877 -0.5174147712403778 0.8556641639523755 0 0 0 0 0 0
0.34875109791755676 3.060933828353882 -4.459112644195557 -0.5424041434135195 -0.7158113932742013 -0.4397860780728433 -0.010994556566932582 -0.5173885759167239 0.8556799525738352 0 0 0 0 0 0
0.003988310229033232 2.9431474208831787 -4.079257488250732 0.025062583162673617 -0.8556087816019864 -0.5170159376371087 -0.010992124928960388 -0.5173829871970302 0.8556833630196534 0 0 0 0 0 0
-0.33554646372795105 2.64695143699646 -3.8072164058685303 0.5838204619220352 -0.6980515502643245 -0.41458135681035463 -0.011005916684972332 -0.5173996191148051 0.8556731291432366 0 0 0 0 0 0
-0.5533503890037537 2.2052056789398193 -3.6216161251068115 0.9396831156876945 -0.29790854162115676 -0.16806588862890218 -0.01099282625439185 -0.5174033744089552 0.8556710266925994 0 0 0 0 0 0
-0.5752143263816833 1.7013415098190308 -3.4710614681243896 0.9689855396801316 0.2057552378791526 0.1368641880701362 -0.01099427011591221 -0.5173998204716255 0.8556731571111416 0 0 0 0 0 0
-0.3950328528881073 1.240381121635437 -3.2919681072235107 0.661543639338083 0.6379211320361592 0.3942291751672235 -0.010985465730276539 -0.5174040694116995 0.8556707009702402 0 0 0 0 0 0
-0.07690997421741486 0.9124353528022766 -3.0306766033172607 0.1242028000710445 0.8483958256220578 0.5145854521083735 -0.010994005664150874 -0.5173925986908434 0.8556775272609375 0 0 0 0 0 0
0.2671089470386505 0.7613885998725891 -2.6620900630950928 -0.45629758191719616 0.7640327064560344 0.4561211902575749 -0.010988228768167907 -0.5173942535708946 0.8556766008255428 0 0 0 0 0 0
0.5159836411476135 0.7696588635444641 -2.1983907222747803 -0.8782335071304993 0.41414464988105554 0.23914455027903442 -0.010981141312056726 -0.5173913218215895 0.8556784645175974 0 0 0 0 0 0
0.5817356705665588 0.8642786145210266 -1.6848255395889282 -0.9949577102281973 -0.07965116420430221 -0.06094954387328729 -0.010995473148758685 -0.5174114837397366 0.8556660891168234 0 0 0 0 0 0
0.44002535939216614 0.9422929883003235 -1.1839710474014282 -0.7659095010480972 -0.5457873763653343 -0.33985110858212564 -0.01098805316528015 -0.5173936354599682 0.8556769768277948 0 0 0 0 0 0
0.1386127918958664 0.9064996838569641 -0.7539821863174438 -0.27069287181554874 -0.8222353202269294 -0.5006540195779616 -0.010994756600419354 -0.517395903114231 0.8556755195562784 0 0 0 0 0 0
-0.21924395859241486 0.6992624402046204 -0.42838254570961 0.31859366717859605 -0.8129397276706092 -0.4874700753979978 -0.010983145243605743 -0.5173992963449748 0.8556736169020773 0 0 0 0 0 0
-0.3036613166332245 0.4818476140499115 0.5589412450790405 0.6326527219323982 -0.6778234292846149 0.37457433460445755 0.009508824248455276 0.4904363788922849 0.8714251204322925 0 0 0 0 0 0
-0.4957275092601776 0.4171999394893646 1.0446933507919312 0.9589430490099531 -0.2514921102607621 0.13107229772947235 0.009509464907982306 0.4904297605140882 0.8714288382187373 0 0 0 0 0 0
-0.4878387153148651 0.3001116216182709 1.5577739477157593 0.951979704418795 0.2622503831039784 -0.15798537570458948 0.009512674739897666 0.4904347183320429 0.8714260129660251 0 0 0 0 0 0
-0.2814502418041229 0.2377069890499115 2.037914514541626 0.614179886641425 0.6848421910384416 -0.3921405873137757 0.009510150976675426 0.49044596997043505 0.8714197080443844 0 0 0 0 0 0
0.053003355860710144 0.3181017339229584 2.4362871646881104 0.0629378294974365 0.8694374740648535 -0.49001766122240814 0.009502029805516293 0.4904467979838549 0.8714193306192829 0 0 0 0 0 0
0.4005794823169708 0.5797861218452454 2.7324869632720947 -0.5101704465039947 0.7518924260984147 -0.4175929777783083 0.009517200510821706 0.49043736016298717 0.8714244767338115 0 0 0 0 0 0
0.6417790055274963 0.9982507824897766 2.941612482070923 -0.9059913996306891 0.3730396929441795 -0.2000524213383518 0.009521802207903158 0.4904469048533664 0.8714190546473418 0 0 0 0 0 0
0.6940670609474182 1.494500994682312 3.1090242862701416 -0.986955794380147 -0.13545076640018663 0.0870135036707247 0.009518055933354684 0.4904464660571798 0.8714193425345074 0 0 0 0 0 0
0.5405598282814026 1.9625071287155151 3.2945806980133057 -0.724926051669324 -0.5968761298278372 0.34383296126588475 0.009514062565779474 0.4904337225249656 0.8714265582502059 0 0 0 0 0 0
0.23589520156383514 2.3060548305511475 3.551828622817993 -0.2109718513091543 -0.8508584670952484 0.48117641975424374 0.009506733619636444 0.4904467489588339 0.8714193069077573 0 0 0 0 0 0
-0.1127585917711258 2.472184896469116 3.909406900405884 0.37629622226971504 -0.8091596635064912 0.45128903383486224 0.009499892134014448 0.4904345755893157 0.8714262327449008 0 0 0 0 0 0
-0.3829517066478729 2.4695985317230225 4.361082553863525 0.8328000668813786 -0.4862589725876018 0.2645680634173776 0.009512091657910152 0.4904266614926215 0.8714305536355109 0 0 0 0 0 0
-0.47949597239494324 2.365621328353882 4.867933750152588 0.9998848247388956 0.005626679491410997 -0.014095308963229582 0.009524403922992126 0.4904488165783536 0.8714179502665781 0 0 0 0 0 0
-0.3675479590892792 2.262815237045288 5.3718342781066895 0.8194879596865153 0.49555799711876564 -0.28785717885866524 0.009517575884056169 0.49044662999232197 0.8714192555127904 0 0 0 0 0 0
-0.0847281962633133 2.2633378505706787 5.815720081329346 0.35429715491542074 0.8132784332597284 -0.4615752549838864 0.009520568703529901 0.4904305755566691 0.8714282582810335 0 0 0 0 0 0
0.2719707787036896 2.4334466457366943 6.163361072540283 -0.2340172180543235 0.8483596381344944 -0.4748914255263249 0.009531470893412752 0.4904330619810942 0.8714267397655734 0 0 0 0 0 0
0.5798702836036682 2.780442953109741 6.411980152130127 -0.741001071458935 0.5886179773735865 -0.3231815106241976 0.009506646825135127 0.4904276321302413 0.8714300667920902 0 0 0 0 0 0
0.7332630753517151 3.2501752376556396 6.5932087898254395 -0.9904781726270161 0.12432117088655421 -0.05913743331294283 0.009532383241535509 0.49046063191315187 0.8714112130407138 0 0 0 0 0 0
0.6801281571388245 3.7458302974700928 6.762104511260986 -0.8957406201177457 -0.383172866775223 0.22544909766582308 0.009518201022864162 0.49046428041310525 0.8714093145520899 0 0 0 0 0 0
0.4402180016040802 4.161590576171875 6.978016376495361 -0.48970583522521344 -0.7575309822912488 0.431665386399271 0.009516627301317372 0.49041931162898417 0.8714346404557036 0 0 0 0 0 0
0.09819988906383514 4.419389724731445 7.283932209014893 0.0865033584577844 -0.8686098768904694 0.4878873340678643 0.009537631906952443 0.4904226276422563 0.8714325446493679 0 0 0 0 0 0
-0.2257823497056961 4.4960784912109375 7.6915764808654785 0.632652484385791 -0.6778184463241994 0.3745837527484809 0.009480271446534872 0.4904281654764599 0.8714300539691607 0 0 0 0 0 0
-0.4178485572338104 4.431430816650391 8.177326202392578 0.9589450141133494 -0.2514891078023595 0.13106368133057114 0.009519358796517918 0.49044038657856615 0.8714227498870856 0 0 0 0 0 0
-0.40996357798576355 4.31434440612793 8.690406799316406 0.9519794605073938 0.26224554755056123 -0.15799487194829345 0.009521893782204995 0.4904400060757426 0.8714229363398844 0 0 0 0 0 0
-0.20357318222522736 4.251941680908203 9.170543670654297 0.6141870325013677 0.6848401897059014 -0.39213289032004034 0.009513319357167786 0.49043740788894075 0.8714244922527628 0 0 0 0 0 0
-0.23262591660022736 3.548377752304077 5.988663196563721 0.6131561062743903 -0.6912668982177556 0.382347570630221 -0.009513470182879812 -0.4904342456488602 -0.8714262703062796 0 0 0 0 0 0
0.0945759266614914 3.46451735496521 5.585011005401611 0.061640454831936226 -0.8700902818978159 0.4890228580292451 -0.009535867291064785 -0.49044556979322806 -0.8714196522372003 0 0 0 0 0 0
0.43462756276130676 3.1992318630218506 5.283329486846924 -0.5112884525328311 -0.7465455680842372 0.42573916084894825 -0.00952355219546603 -0.4904336852741455 -0.8714264755571756 0 0 0 0 0 0
0.6680698990821838 2.778280019760132 5.0704216957092285 -0.9065447122970973 -0.36354101277747464 0.2145101783946416 -0.009532233597534084 -0.4904247516452159 -0.8714314083715199 0 0 0 0 0 0
0.7124825119972229 2.2815301418304443 4.9022393226623535 -0.9867469237932496 0.1457785241640787 -0.07126801721039906 -0.009515100963614593 -0.49042906636667877 -0.8714291673546166 0 0 0 0 0 0
0.551145613193512 1.8151720762252808 4.7191948890686035 -0.7240328898706881 0.604460290798342 -0.3322711712344062 -0.009517001382300718 -0.4904246556803947 -0.8714316288645115 0 0 0 0 0 0
0.23884014785289764 1.4748514890670776 4.466864109039307 -0.20970427750004528 0.853065060820367 -0.47781180186944694 -0.00951045612178217 -0.4904340993605292 -0.8714263855362553 0 0 0 0 0 0
-0.11719126999378204 1.3124064207077026 4.114908695220947 0.3775034765657789 0.8052085068058267 -0.4573077582419542 -0.009547574112886991 -0.4904377790594951 -0.8714239087262577 0 0 0 0 0 0
-0.3945102393627167 1.3178614377975464 3.667593240737915 0.8335181630692087 0.47754129394551403 -0.2778520908875375 -0.009502132960822078 -0.49044188222910956 -0.8714220961306657 0 0 0 0 0 0
-0.4980296790599823 1.4228876829147339 3.162344217300415 0.9998687071585335 -0.016097996211521946 -0.0018501251570114084 -0.009508597799706123 -0.4904404220737542 -0.871422847396143 0 0 0 0 0 0
-0.3930606544017792 1.5245569944381714 2.6567041873931885 0.8187399477655566 -0.5041319163378127 0.27480158089504886 -0.009513365571265815 -0.4904566098071383 -0.8714136846366346 0 0 0 0 0 0
-0.11737437546253204 1.5211085081100464 2.208366632461548 0.3530825985454586 -0.8169818350397396 0.45593131041801244 -0.009516340018279366 -0.49042930063545487 -0.8714290219810649 0 0 0 0 0 0
0.23193363845348358 1.3473109006881714 1.855099081993103 -0.23527579961752065 -0.8459075992004249 0.47862890816300396 -0.009487520168930423 -0.4904303905628534 -0.8714287228301643 0 0 0 0 0 0
0.5321846604347229 0.9971254467964172 1.60163152217865 -0.7418785856274291 -0.5808551929946617 0.33499762530289595 -0.009509717984539213 -0.4904334792798488 -0.8714267425695156 0 0 0 0 0 0
0.677742063999176 0.5258310437202454 1.4180148839950562 -0.9906547952817105 -0.11395466312781656 0.07494939183727795 -0.009514632045241462 -0.4904334958496375 -0.8714266796040545 0 0 0 0 0 0
0.6167355179786682 0.0307749155908823 1.250027060508728 -0.895163177049877 0.39255208239737155 -0.21115337804415474 -0.009515889450813124 -0.4904379307884823 -0.8714241699034241 0 0 0 0 0 0
0.36907580494880676 -0.3824292719364166 1.0380100011825562 -0.4885751056495643 0.7626389762620823 -0.42388224547088565 -0.00951281597835877 -0.4904398202551782 -0.871423140064705 0 0 0 0 0 0
-0.05681224167346954 -1.0655614137649536 0.5448077917098999 0.09574407712030501 -0.11687271926981802 -0.9885210362894963 -0.04539453233416006 -0.9925627266758207 0.11295384034207501 0 0 0 0 0 0
-0.4333934485912323 -1.5445767641067505 0.33851274847984314 0.6875061248811473 -0.02189628282776176 -0.7258483870955664 -0.0337204006726579 -0.9994297028221537 -0.001789886950961624 0 0 0 0 0 0
-0.6200370192527771 -1.9277058839797974 0.02964816801249981 0.9766739497546673 -0.032587111931815314 -0.21224060875940126 -0.03373912454824638 -0.9994290392693823 -0.0018074677860414814 0 0 0 0 0 0
-0.6030330061912537 -2.317636728286743 -0.3234669268131256 0.9264230395276711 -0.03192901624995612 0.37512783121706805 -0.033725683234136314 -0.9994295478090027 -0.0017768670978141018 0 0 0 0 0 0
-0.39285656809806824 -2.7142202854156494 -0.5983654260635376 0.5542284145848522 -0.020189305253577535 0.8321197368288649 -0.0337239100980637 -0.9994295894853648 -0.0017870503108035386 0 0 0 0 0 0
-0.06711573898792267 -3.1150152683258057 -0.6997562646865845 -0.010585847884696043 -0.001440056784314507 0.9999429314020976 -0.03371571503718807 -0.9994298494911088 -0.0017962476752498419 0 0 0 0 0 0
0.2564144432544708 -3.5161116123199463 -0.5926433801651001 -0.5717155468037733 0.017824239582344647 0.8202582703186685 -0.033733421069937986 -0.9994292553775149 -0.001794379687920214 0 0 0 0 0 0
0.4607372581958771 -3.913492441177368 -0.3144947588443756 -0.9341616876363998 0.030889497385674893 0.3555105909865044 -0.03373087637992405 -0.999429339741676 -0.0017952276066835046 0 0 0 0 0 0
0.47027209401130676 -4.30443000793457 0.03778110444545746 -0.971963570512877 0.03321656482791039 -0.23277344654597668 -0.03372522038405071 -0.9994295302393467 -0.001795437441465873 0 0 0 0 0 0
0.2771435081958771 -4.688443183898926 0.34152254462242126 -0.6719865810739852 0.024003949767513594 -0.7401741992612649 -0.03371779495642887 -0.9994297724679756 -0.001800057745439233 0 0 0 0 0 0
-0.05610652267932892 -5.067450523376465 0.4909251630306244 -0.13848314379941848 0.006456379612437594 -0.9903437453963797 -0.033713486123030836 -0.9994299155091406 -0.0018013436163864974 0 0 0 0 0 0
-0.4182300269603729 -5.445108413696289 0.4338267743587494 0.44315234454852515 -0.013360944790421218 -0.8963467435515412 -0.03375405728165601 -0.9994285656529294 -0.0017904675241787575 0 0 0 0 0 0
-0.6879538893699646 -5.825555801391602 0.18983112275600433 0.8707748765371051 -0.028495748473191192 -0.49085548454788835 -0.03371532610458266 -0.9994298726335828 -0.0017906628053177343 0 0 0 0 0 0
-0.7761058211326599 -6.211938858032227 -0.15651287138462067 0.995788871183162 -0.03376962014140299 0.08522990545148784 -0.03373841592859772 -0.999429064242525 -0.0018068862553090787 0 0 0 0 0 0
-0.6566218733787537 -6.605372428894043 -0.4850880205631256 0.7747432168609371 -0.02728469680382625 0.6316870215924104 -0.03372436541888671 -0.9994295383934718 -0.0018069210568146755 0 0 0 0 0 0
-0.3755931556224823 -7.004488945007324 -0.681949257850647 0.2844522729673985 -0.011329644291590484 0.9586232542369848 -0.033701238439401024 -0.9994303097517494 -0.001811760793555896 0 0 0 0 0 0
-0.035253480076789856 -7.405962944030762 -0.6789203882217407 -0.3046887646165784 0.008573514018914645 0.95241338271456 -0.03372269969654314 -0.9994296222571369 -0.0017915580185068056 0 0 0 0 0 0
0.24155430495738983 -7.805651664733887 -0.477302223443985 -0.7879462701733984 0.02548222548356758 0.6152164915736855 -0.033718506164644155 -0.9994297681708542 -0.001789088029671089 0 0 0 0 0 0
0.3540649712085724 -8.200030326843262 -0.14740337431430817 -0.9973719232395097 0.033540735356484414 0.06422044694073531 -0.033725519921971 -0.999429520640275 -0.00179515423929489 0 0 0 0 0 0
0.2586117088794708 -8.58741283416748 0.19588886201381683 -0.8601927835534654 0.029945292105497668 -0.5090890438845227 -0.033717968251782936 -0.9994297386489256 -0.0018155222698219846 0 0 0 0 0 0
-0.016202881932258606 -8.968538284301758 0.43302568793296814 -0.42407589983716865 0.01591685336095428 -0.9054867668587883 -0.03374893225525314 -0.9994287889628131 -0.0017622042887303054 0 0 0 0 0 0
-0.37944409251213074 -9.346366882324219 0.4813579022884369 0.15941611752611717 -0.0035858136031239564 -0.9872049652497209 -0.033706754662319795 -0.9994301217972523 -0.0018128249953719095 0 0 0 0 0 0
-0.7094420790672302 -9.724934577941895 0.32384905219078064 0.6874937631874499 -0.02189634828258966 -0.7258600936201454 -0.03371272184785062 -0.9994299761231278 -0.0017819124933119383 0 0 0 0 0 0
-0.8960856795310974 -10.108071327209473 0.014988286420702934 0.9766731879495958 -0.03254893825861325 -0.2122499718695166 -0.0336843126783335 -0.999431017432233 -0.001734495246578956 0 0 0 0 0 0
-0.8790835738182068 -10.497982025146484 -0.33813443779945374 0.9264212398728339 -0.03196726437641534 0.37512901823342004 -0.03372997139881217 -0.9994292363409838 -0.001868308409647556 0 0 0 0 0 0